A10300	41	0	0	0	0	0
A10301	33	0	0	0	0	0
A10303	28	0	0	0	0	0
A10304	41	0	0	0	0	0
A10308	41	0	0	0	0	0
A10310	41	0	0	0	0	0
A10318	41	0	0	0	0	0
A10324	42	0	0	0	0	0
A1032C	42	0	0	0	0	0
A10338	42	0	0	0	0	0
A10344	41	0	0	0	0	0
A1034C	41	0	0	0	0	0
A10354	41	0	0	0	0	0
A10360	41	0	0	0	0	0
A1036C	41	0	0	0	0	0
A10374	1	0	0	0	0	0
A10388	94	0	0	0	0	0
A1039C	66	0	0	0	0	0
A103B0	169	0	0	0	0	0
A103C4	169	0	0	0	0	0
A10307	228	0	0	0	0	0
A10100	41	0	0	0	0	0
A10103	252	0	0	0	0	0
A10104	41	0	0	0	0	0
A10108	41	0	0	0	0	0
A102C8	159	0	0	0	0	0
A10210	41	0	0	0	0	0
A10118	41	0	0	0	0	0
A10124	41	0	0	0	0	0
A1012C	41	0	0	0	0	0
A10138	41	0	0	0	0	0
A10144	41	0	0	0	0	0
A1014C	41	0	0	0	0	0
A10154	41	0	0	0	0	0
A10160	41	0	0	0	0	0
A1026C	41	0	0	0	0	0
A10174	2	0	0	0	0	0
A10188	70	0	0	0	0	0
A1019C	70	0	0	0	0	0
A101B0	194	0	0	0	0	0
A101C4  70	0	0	0	0	0
A10600	41	0	0	0	0	0
A10704	41	0	0	0	0	0
A10908	41	0	0	0	0	0
A10710	41	0	0	0	0	0
A10918	41	0	0	0	0	0
A10624	41	0	0	0	0	0
A1072C	41	0	0	0	0	0
A10738	41	0	0	0	0	0
A10644	4	0	0	0	0	0
A1094C	5	0	0	0	0	0
A10707	236	0	0	0	0	0
A10754	6	0	0	0	0	0
A10760	41	0	0	0	0	0
A1076C	41	0	0	0	0	0
A10774	7	0	0	0	0	0
A10788	21	0	0	0	0	0
A1079C	74	0	0	0	0	0
A107B0	74	0	0	0	0	0
A107C4	74	0	0	0	0	0
A10A00	41	0	0	0	0	0
A10A04	41	0	0	0	0	0
A10A08	41	0	0	0	0	0
A10B10	41	0	0	0	0	0
A10B18	41	0	0	0	0	0
A10B24	41	0	0	0	0	0
A10A2C	41	0	0	0	0	0
A10A38	41	0	0	0	0	0
A10A0B	244	0	0	0	0	0
A10B07	248	0	0	0	0	0
A10B44	41	0	0	0	0	0
A10A4C	3	0	0	0	0	0
A10B54	41	0	0	0	0	0				
A10B60	41	0	0	0	0	0				
A10B6C	41	0	0	0	0	0				
A10A74	13	0	0	0	0	0				
A10B88	102	0	0	0	0	0				
A10B9C	22	0	0	0	0	0				
A10BB0	147	0	0	0	0	0				
A10BC4	147	0	0	0	0	0				
910D00	41	0	0	0	0	0
910D01	32	0	0	0	0	0				
910D04	41	0	0	0	0	0				
910D08	120	0	0	0	0	0				
910D10	121	0	0	0	0	0				
910D18	122	0	0	0	0	0				
910D24	41	0	0	0	0	0				
910D2C	41	0	0	0	0	0				
910D38	123	0	0	0	0	0				
910D44	41	0	0	0	0	0				
910D4C	124	0	0	0	0	0				
910D54	125	0	0	0	0	0	
910D60	126	0	0	0	0	0				
910D6C	8	0	0	0	0	0				
910D74	98	0	0	0	0	0				
910D88	127	0	0	0	0	0				
910D9C	131	0	0	0	0	0				
910DB0	189	0	0	0	0	0				
910DC4  531	0	0	0	0	0				
910D07  220	0	0	0	0	0
A10E00	41	0	0	0	0	0				
A10E04	41	0	0	0	0	0				
A10E07	232	0	0	0	0	0
A10E08	41	0	0	0	0	0				
A10E10	41	0	0	0	0	0				
A10E18	41	0	0	0	0	0				
A10E24	41	0	0	0	0	0				
A10E2C	41	0	0	0	0	0				
A10E38	41	0	0	0	0	0				
A10E44	41	0	0	0	0	0				
A10E4C	41	0	0	0	0	0				
A10E54	41	0	0	0	0	0				
A10E60	12	0	0	0	0	0				
A10E6C	41	0	0	0	0	0				
A10E74	86	0	0	0	0	0				
A10E88	23	0	0	0	0	0				
A10E9C	179	0	0	0	0	0				
A10EB0	189	0	0	0	0	0				
A10EC4	70	0	0	0	0	0				
A10F00	41	0	0	0	0	0
A10F01	35	0	0	0	0	0				
A10F03  256	0	0	0	0	0
A10F04	41	0	0	0	0	0				
A10F08	41	0	0	0	0	0				
A10F10	41	0	0	0	0	0				
A10F18	41	0	0	0	0	0				
A11024	41	0	0	0	0	0				
A10F2C	41	0	0	0	0	0				
A11038	41	0	0	0	0	0				
A10F44	41	0	0	0	0	0				
A10F4C	14	0	0	0	0	0				
A11054	15	0	0	0	0	0				
A1090B	224	0	0	0	0	0
A10F60	16	0	0	0	0	0				
A1106C	17	0	0	0	0	0				
A10F74	90	0	0	0	0	0				
A11088	106	0	0	0	0	0				
A110B0	174	0	0	0	0	0	
A10F9C	24	0	0	0	0	0				
A10FB0	155	0	0	0	0	0				
A10FC4  112	0	0	0	0	0				
A11007	240	0	0	0	0	0
A11100	41	0	0	0	0	0
A11801	30	0	0	0	0	0				
A11602	41	0	0	0	0	0				
A11804	41	0	0	0	0	0				
A11308	41	0	0	0	0	0				
A1130C	41	0	0	0	0	0				
A11207	219	0	0	0	0	0
A11212	18	0	0	0	0	0				
A11116	41	0	0	0	0	0				
A1131C	41	0	0	0	0	0				
A11322	41	0	0	0	0	0				
A11226	41	0	0	0	0	0				
A11611	218	0	0	0	0	0
A1112A	41	0	0	0	0	0				
A11330	19	0	0	0	0	0				
A11136	9	0	0	0	0	0				
A1133A	10	0	0	0	0	0				
A11344	41	0	0	0	0	0				
A1134E	41	0	0	0	0	0				
A11358	41	0	0	0	0	0				
A11362	41	0	0	0	0	0				
A11A0F  215	0	0	0	0	0
411462	41	0	0	0	0	0
411480	41	0	0	0	0	0
411586	41	0	0	0	0	0				
41148A	41	0	0	0	0	0				
41148E	41	0	0	0	0	0				
411494	41	0	0	0	0	0				
41179A	41	0	0	0	0	0				
41159E	41	0	0	0	0	0				
4114A8	41	0	0	0	0	0				
4114B2	41	0	0	0	0	0				
4114BC	41	0	0	0	0	0				
4114C6	41	0	0	0	0	0				
411407  214	0	0	0	0	0
411707	217	0	0	0	0	0
411701	217	0	0	0	0	0
411507	216	0	0	0	0	0
A1130B	213	0	0	0	0	0
A11301	213	0	0	0	0	0
A10500	41	0	0	0	0	0				
A10501	41	0	0	0	0	0				
A10502	41	0	0	0	0	0				
A10503	41	0	0	0	0	0				
A10504	41	0	0	0	0	0				
A10505	41	0	0	0	0	0				
A10506	41	0	0	0	0	0				
A10507	41	0	0	0	0	0				
A10508	41	0	0	0	0	0				
A10509	41	0	0	0	0	0				
A1080A	41	0	0	0	0	0				
A1080B	41	0	0	0	0	0				
A1080C	41	0	0	0	0	0				
A1080D	41	0	0	0	0	0				
A1080E	41	0	0	0	0	0				
A1080F	41	0	0	0	0	0				
A10810	41	0	0	0	0	0				
A10811	41	0	0	0	0	0				
A10812	41	0	0	0	0	0				
A10813	41	0	0	0	0	0				
412000	160	0	0	0	0	0
412074	160	0	0	0	0	0
41209C	160	0	0	0	0	0
4120C4	160	0	0	0	0	0
900700	41	0	0	0	0	0				
900704	41	0	0	0	0	0				
900708	41	0	0	0	0	0				
90070C	41	0	0	0	0	0				
900710	41	0	0	0	0	0				
900714	41	0	0	0	0	0				
900718	41	0	0	0	0	0				
90071C	41	0	0	0	0	0				
900720	41	0	0	0	0	0				
900724	139	0	0	0	0	0				
900728	140	0	0	0	0	0				
90072B	41	0	0	0	0	0				
90072C	41	0	0	0	0	0				
90072D	41	0	0	0	0	0				
90072E	41	0	0	0	0	0				
90072F	41	0	0	0	0	0				
900730	41	0	0	0	0	0				
900731	41	0	0	0	0	0				
900732	41	0	0	0	0	0				
900733	41	0	0	0	0	0				
900734	41	0	0	0	0	0				
900735	41	0	0	0	0	0				
900736	41	0	0	0	0	0				
900737	41	0	0	0	0	0				
900738	41	0	0	0	0	0				
900739	41	0	0	0	0	0				
90073A	41	0	0	0	0	0				
90073B	41	0	0	0	0	0				
90073C	41	0	0	0	0	0				
90073D	41	0	0	0	0	0				
90073E	41	0	0	0	0	0				
90073F	41	0	0	0	0	0				
900740	41	0	0	0	0	0				
900741	41	0	0	0	0	0				
900742	41	0	0	0	0	0				
900743	41	0	0	0	0	0				
900744	41	0	0	0	0	0				
900745	41	0	0	0	0	0				
900746	41	0	0	0	0	0				
900747	41	0	0	0	0	0				
900748	146	0	0	0	0	0				
900749	41	0	0	0	0	0				
90074A	41	0	0	0	0	0				
90074B	41	0	0	0	0	0				
90074C	41	0	0	0	0	0				
90074D	41	0	0	0	0	0				
90074E	41	0	0	0	0	0				
90074F	41	0	0	0	0	0				
900750	41	0	0	0	0	0				
900751	41	0	0	0	0	0				
900752	41	0	0	0	0	0				
900753	41	0	0	0	0	0
900754	614	0	0	0	0	614				
400754	41	0	0	0	0	0				
400755	41	0	0	0	0	0				
400756	41	0	0	0	0	0				
400757	41	0	0	0	0	0				
400758	41	0	0	0	0	0				
400759	41	0	0	0	0	0				
40075A	41	0	0	0	0	0				
40075B	41	0	0	0	0	0				
40075C	41	0	0	0	0	0				
40075D	41	0	0	0	0	0				
40075E	41	0	0	0	0	0				
40075F	41	0	0	0	0	0				
400760	41	0	0	0	0	0				
400761	41	0	0	0	0	0				
400762	41	0	0	0	0	0				
400763	41	0	0	0	0	0				
400764	41	0	0	0	0	0				
400765	41	0	0	0	0	0				
400766	41	0	0	0	0	0				
400767	41	0	0	0	0	0				
400768	41	0	0	0	0	0				
400769	41	0	0	0	0	0				
40076A	41	0	0	0	0	0				
40076B	41	0	0	0	0	0				
40076C	110	0	0	0	0	0				
40076D	41	0	0	0	0	0				
40076E	41	0	0	0	0	0				
40076F	41	0	0	0	0	0				
400770	41	0	0	0	0	0				
400771	41	0	0	0	0	0				
400772	41	0	0	0	0	0				
400773	41	0	0	0	0	0				
400774	111	0	0	0	0	0				
400775	41	0	0	0	0	0				
400776	41	0	0	0	0	0				
400777	41	0	0	0	0	0				
400778	41	0	0	0	0	0				
400779	41	0	0	0	0	0				
40077A	41	0	0	0	0	0				
40077B	41	0	0	0	0	0				
40077C	41	0	0	0	0	0				
40077D	41	0	0	0	0	0				
40077E	41	0	0	0	0	0				
40077F	41	0	0	0	0	0				
400780	41	0	0	0	0	0				
400781	41	0	0	0	0	0				
400782	41	0	0	0	0	0				
400783	41	0	0	0	0	0				
400784	141	0	0	0	0	0				
400785	41	0	0	0	0	0				
400786	41	0	0	0	0	0				
400787	41	0	0	0	0	0				
400788	41	0	0	0	0	0				
400789	41	0	0	0	0	0				
40078A	41	0	0	0	0	0				
40078B	41	0	0	0	0	0				
40078C	41	0	0	0	0	0				
40078D	41	0	0	0	0	0				
40078E	41	0	0	0	0	0				
40078F	41	0	0	0	0	0				
400790	41	0	0	0	0	0				
400791	41	0	0	0	0	0				
400792	41	0	0	0	0	0				
400793	41	0	0	0	0	0				
400794	143	0	0	0	0	0				
400795	41	0	0	0	0	0				
400796	41	0	0	0	0	0				
400797	41	0	0	0	0	0				
400798	41	0	0	0	0	0				
400799	41	0	0	0	0	0				
40079A	41	0	0	0	0	0				
40079B	41	0	0	0	0	0				
40079C	41	0	0	0	0	0				
40079D	41	0	0	0	0	0				
40079E	41	0	0	0	0	0				
40079F	41	0	0	0	0	0				
4007A0	41	0	0	0	0	0				
4007A1	41	0	0	0	0	0				
4007A2	41	0	0	0	0	0				
4007A3	41	0	0	0	0	0				
4007A4	41	0	0	0	0	0				
4007A5	41	0	0	0	0	0				
4007A6	41	0	0	0	0	0				
4007A7	41	0	0	0	0	0
41172A	144	0	0	0	0	0
41174E	145	0	0	0	0	0
411536	41	0	0	0	0	0
411562	41	0	0	0	0	0
A10500	41	0	0	0	0	0
A10501	41	0	0	0	0	0
A10502	41	0	0	0	0	0
A10503	41	0	0	0	0	0
A10504	41	0	0	0	0	0
A10505	41	0	0	0	0	0
A10506	41	0	0	0	0	0
A10507	41	0	0	0	0	0
A10508	41	0	0	0	0	0
A10509	41	0	0	0	0	0
A1080A	41	0	0	0	0	0
A1080B	41	0	0	0	0	0
A1080C	41	0	0	0	0	0
A1080D	41	0	0	0	0	0
A1080E	41	0	0	0	0	0
A1080F	41	0	0	0	0	0
A10810	41	0	0	0	0	0
A10811	41	0	0	0	0	0
A10812	41	0	0	0	0	0
A10813	41	0	0	0	0	0
711C00	41	0	0	0	0	0
811C01	41	0	0	0	0	0
411C02	41	0	0	0	0	0
A1032C	41	0	0	0	0	0
A10300	41	0	0	0	0	0
A10100	41	0	0	0	0	0
A10600	41	0	0	0	0	0
A10A00	41	0	0	0	0	0
910D00	41	0	0	0	0	0
A10E00	41	0	0	0	0	0
A10E01	34	0	0	0	0	0
A10F00	41	0	0	0	0	0
A11100	41	0	0	0	0	0
711C00	41	0	0	0	0	0
811C01	41	0	0	0	0	0
411C02	41	0	0	0	0	0
410A00	41	0	0	0	0	0
411100	41	0	0	0	0	0				
7000FC	612	0	0	0	0	612			
700000	0	0	0	0	0	0				
700001	584	0	0	0	0	584				
700002	613	0	0	0	0	613				
700003	0	0	0	0	0	0				
700004	0	0	0	0	0	0				
700005	609	0	0	0	0	609				
700006	0	0	0	0	0	0				
700007	0	0	0	0	0	0				
700008	0	0	0	0	0	0				
700009	0	0	0	0	0	0				
70000A	0	0	0	0	0	0				
70000B	0	0	0	0	0	0				
70000C	0	0	0	0	0	0				
70000D	569	0	0	0	0	543				
70000E	574	0	0	0	0	559				
70000F	579	0	0	0	0	564				
700010	0	0	0	0	0	0				
700011	0	0	0	0	0	0				
700012	0	0	0	0	0	0				
700013	0	0	0	0	0	0				
700014	0	0	0	0	0	0				
700015	0	0	0	0	0	0				
700016	0	0	0	0	0	0				
700017	0	0	0	0	0	0				
700018	0	0	0	0	0	0				
700019	0	0	0	0	0	0				
70001A	0	0	0	0	0	0				
70001B	0	0	0	0	0	0				
70001C	0	0	0	0	0	0				
70001D	0	0	0	0	0	0				
70001E	0	0	0	0	0	0				
70001F	0	0	0	0	0	0				
700020	0	0	0	0	0	0				
700021	0	0	0	0	0	0				
700022	0	0	0	0	0	0				
700023	0	0	0	0	0	0				
700024	0	0	0	0	0	0				
700025	0	0	0	0	0	0				
700026	0	0	0	0	0	0				
700027	0	0	0	0	0	0				
700028	0	0	0	0	0	0				
700029	0	0	0	0	0	0				
70002A	0	0	0	0	0	0				
70002B	0	0	0	0	0	0				
70002C	0	0	0	0	0	0				
70002D	0	0	0	0	0	0				
70002E	0	0	0	0	0	0				
70002F	0	0	0	0	0	0				
700030	0	0	0	0	0	0				
700031	0	0	0	0	0	0				
700032	0	0	0	0	0	0				
700033	0	0	0	0	0	0				
700034	0	0	0	0	0	0				
700035	0	0	0	0	0	0				
700036	0	0	0	0	0	0				
700037	0	0	0	0	0	0				
700038	0	0	0	0	0	0				
700039	0	0	0	0	0	0				
70003A	0	0	0	0	0	0				
70003B	0	0	0	0	0	0				
70003C	0	0	0	0	0	0				
70003D	0	0	0	0	0	0				
70003E	0	0	0	0	0	0				
70003F	0	0	0	0	0	0				
700040	0	0	0	0	0	0				
700041	0	0	0	0	0	0				
700042	0	0	0	0	0	0				
700043	0	0	0	0	0	0				
700044	0	0	0	0	0	0				
700045	0	0	0	0	0	0				
700046	0	0	0	0	0	0				
700047	0	0	0	0	0	0				
700048	0	0	0	0	0	0				
700049	0	0	0	0	0	0				
70004A	0	0	0	0	0	0				
70004B	0	0	0	0	0	0				
70004C	0	0	0	0	0	0				
70004D	0	0	0	0	0	0				
70004E	0	0	0	0	0	0				
70004F	0	0	0	0	0	0				
700050	0	0	0	0	0	0				
700051	0	0	0	0	0	0				
700052	0	0	0	0	0	0				
700053	0	0	0	0	0	0				
700054	0	0	0	0	0	0				
700055	0	0	0	0	0	0				
700056	0	0	0	0	0	0				
700057	0	0	0	0	0	0				
700058	0	0	0	0	0	0				
700059	0	0	0	0	0	0				
70005A	0	0	0	0	0	0				
70005B	0	0	0	0	0	0				
70005C	0	0	0	0	0	0				
70005D	0	0	0	0	0	0				
70005E	0	0	0	0	0	0				
70005F	0	0	0	0	0	0				
700060	0	0	0	0	0	0				
700061	0	0	0	0	0	0				
700062	0	0	0	0	0	0				
700063	0	0	0	0	0	0				
700064	0	0	0	0	0	0				
700065	0	0	0	0	0	0				
700066	0	0	0	0	0	0				
700067	0	0	0	0	0	0				
700068	0	0	0	0	0	0				
700069	0	0	0	0	0	0				
70006A	0	0	0	0	0	0				
70006B	0	0	0	0	0	0				
70006C	0	0	0	0	0	0				
70006D	0	0	0	0	0	0				
70006E	0	0	0	0	0	0				
70006F	0	0	0	0	0	0				
700070	0	0	0	0	0	0				
700071	0	0	0	0	0	0				
700072	0	0	0	0	0	0				
700073	0	0	0	0	0	0				
700074	0	0	0	0	0	0				
700075	0	0	0	0	0	0				
700076	0	0	0	0	0	0				
700077	0	0	0	0	0	0				
700078	0	0	0	0	0	0				
700079	0	0	0	0	0	0				
70007A	0	0	0	0	0	0				
70007B	0	0	0	0	0	0				
70007C	0	0	0	0	0	0				
70007D	0	0	0	0	0	0				
70007E	0	0	0	0	0	0				
70007F	0	0	0	0	0	0				
700080	0	0	0	0	0	0				
700081	0	0	0	0	0	0				
700082	0	0	0	0	0	0				
700083	0	0	0	0	0	0				
700084	0	0	0	0	0	0				
700085	0	0	0	0	0	0				
700086	0	0	0	0	0	0				
700087	0	0	0	0	0	0				
700088	0	0	0	0	0	0				
700089	0	0	0	0	0	0				
70008A	0	0	0	0	0	0				
70008B	0	0	0	0	0	0				
70008C	0	0	0	0	0	0				
70008D	0	0	0	0	0	0				
70008E	0	0	0	0	0	0				
70008F	0	0	0	0	0	0				
700090	0	0	0	0	0	0				
700091	0	0	0	0	0	0				
700092	0	0	0	0	0	0				
700093	0	0	0	0	0	0				
700094	0	0	0	0	0	0				
700095	0	0	0	0	0	0				
700096	0	0	0	0	0	0				
700097	0	0	0	0	0	0				
700098	0	0	0	0	0	0				
700099	0	0	0	0	0	0				
70009A	0	0	0	0	0	0				
70009B	0	0	0	0	0	0				
70009C	0	0	0	0	0	0				
70009D	0	0	0	0	0	0				
70009E	0	0	0	0	0	0				
70009F	0	0	0	0	0	0				
7000A0	0	0	0	0	0	0				
7000A1	0	0	0	0	0	0				
7000A2	0	0	0	0	0	0				
7000A3	0	0	0	0	0	0				
7000A4	0	0	0	0	0	0				
7000A5	0	0	0	0	0	0				
7000A6	0	0	0	0	0	0				
7000A7	0	0	0	0	0	0				
7000A8	0	0	0	0	0	0				
7000A9	0	0	0	0	0	0				
7000AA	0	0	0	0	0	0				
7000AB	0	0	0	0	0	0				
7000AC	0	0	0	0	0	0				
7000AD	0	0	0	0	0	0				
7000AE	382	0	0	0	0	377				
7000AF	0	0	0	0	0	0				
7000B0	0	0	0	0	0	0				
7000B1	0	0	0	0	0	0				
7000B2	0	0	0	0	0	0				
7000B3	313	0	0	0	0	328				
7000B4	0	0	0	0	0	0				
7000B5	0	0	0	0	0	0				
7000B6	0	0	0	0	0	0				
7000B7	480	0	0	0	0	465				
7000B8	0	0	0	0	0	0				
7000B9	0	0	0	0	0	0				
7000BA	0	0	0	0	0	0				
7000BB	318	0	0	0	0	333				
7000BC	0	0	0	0	0	0				
7000BD	0	0	0	0	0	0				
7000BE	0	0	0	0	0	0				
7000BF	481	0	0	0	0	466				
7000C0	0	0	0	0	0	0				
7000C1	0	0	0	0	0	0				
7000C2	0	0	0	0	0	0				
7000C3	323	0	0	0	0	338				
7000C4	0	0	0	0	0	0				
7000C5	0	0	0	0	0	0				
7000C6	0	0	0	0	0	0				
7000C7	482	0	0	0	0	467				
7000C8	0	0	0	0	0	0				
7000C9	0	0	0	0	0	0				
7000CA	0	0	0	0	0	0				
7000CB	0	0	0	0	0	0				
7000CC	0	0	0	0	0	0				
7000CD	0	0	0	0	0	0				
7000CE	0	0	0	0	0	0				
7000CF	0	0	0	0	0	0				
7000D0	0	0	0	0	0	0				
7000D1	0	0	0	0	0	0				
7000D2	0	0	0	0	0	0				
7000D3	0	0	0	0	0	0				
7000D4	0	0	0	0	0	0				
7000D5	0	0	0	0	0	0				
7000D6	0	0	0	0	0	0				
7000D7	0	0	0	0	0	0				
7000D8	0	0	0	0	0	0				
7000D9	0	0	0	0	0	0				
7000DA	0	0	0	0	0	0				
7000DB	0	0	0	0	0	0				
7000DC	0	0	0	0	0	0				
7000DD	0	0	0	0	0	0				
7000DE	0	0	0	0	0	0				
7000DF	0	0	0	0	0	0				
7000E0	0	0	0	0	0	0				
7000E1	0	0	0	0	0	0				
7000E2	0	0	0	0	0	0				
7000E3	0	0	0	0	0	0				
7000E4	0	0	0	0	0	0				
7000E5	0	0	0	0	0	0				
7000E6	0	0	0	0	0	0				
7000E7	0	0	0	0	0	0				
7000E8	0	0	0	0	0	0				
7000E9	0	0	0	0	0	0				
7000EA	0	0	0	0	0	0				
7000EB	0	0	0	0	0	0				
7000EC	0	0	0	0	0	0				
7000ED	0	0	0	0	0	0				
7000EE	0	0	0	0	0	0				
7000EF	0	0	0	0	0	0				
7000F0	0	0	0	0	0	0				
7000F1	0	0	0	0	0	0				
7000F2	0	0	0	0	0	0				
7000F3	0	0	0	0	0	0				
7000F4	0	0	0	0	0	0				
7000F5	0	0	0	0	0	0				
7000F6	0	0	0	0	0	0				
7000F7	0	0	0	0	0	0				
7000F8	0	0	0	0	0	0				
7000F9	0	0	0	0	0	0				
7000FA	0	0	0	0	0	0				
7000FB	0	0	0	0	0	0
8000FD	612	0	0	0	0	612			
800000	0	0	0	0	0	0				
800001	584	0	0	0	0	584				
800002	613	0	0	0	0	613				
800003	0	0	0	0	0	0				
800004	0	0	0	0	0	0				
800005	609	0	0	0	0	609				
800006	0	0	0	0	0	0				
800007	0	0	0	0	0	0				
800008	0	0	0	0	0	0				
800009	0	0	0	0	0	0				
80000A	0	0	0	0	0	0				
80000B	0	0	0	0	0	0				
80000C	0	0	0	0	0	0				
80000D	0	0	0	0	0	0				
80000E	0	0	0	0	0	0				
80000F	0	0	0	0	0	0				
800010	0	0	0	0	0	0				
800011	0	0	0	0	0	0				
800012	0	0	0	0	0	0				
800013	0	0	0	0	0	0				
800014	0	0	0	0	0	0				
800015	0	0	0	0	0	0				
800016	0	0	0	0	0	0				
800017	0	0	0	0	0	0				
800018	0	0	0	0	0	0				
800019	0	0	0	0	0	0				
80001A	0	0	0	0	0	0				
80001B	0	0	0	0	0	0				
80001C	0	0	0	0	0	0				
80001D	0	0	0	0	0	0				
80001E	0	0	0	0	0	0				
80001F	0	0	0	0	0	0				
800020	0	0	0	0	0	0				
800021	0	0	0	0	0	0				
800022	0	0	0	0	0	0				
800023	0	0	0	0	0	0				
800024	0	0	0	0	0	0				
800025	0	0	0	0	0	0				
800026	0	0	0	0	0	0				
800027	0	0	0	0	0	0				
800028	0	0	0	0	0	0				
800029	0	0	0	0	0	0				
80002A	0	0	0	0	0	0				
80002B	0	0	0	0	0	0				
80002C	0	0	0	0	0	0				
80002D	0	0	0	0	0	0				
80002E	0	0	0	0	0	0				
80002F	0	0	0	0	0	0				
800030	0	0	0	0	0	0				
800031	0	0	0	0	0	0				
800032	0	0	0	0	0	0				
800033	0	0	0	0	0	0				
800034	0	0	0	0	0	0				
800035	0	0	0	0	0	0				
800036	0	0	0	0	0	0				
800037	0	0	0	0	0	0				
800038	0	0	0	0	0	0				
800039	0	0	0	0	0	0				
80003A	0	0	0	0	0	0				
80003B	0	0	0	0	0	0				
80003C	0	0	0	0	0	0				
80003D	0	0	0	0	0	0				
80003E	0	0	0	0	0	0				
80003F	0	0	0	0	0	0				
800040	0	0	0	0	0	0				
800041	0	0	0	0	0	0				
800042	0	0	0	0	0	0				
800043	0	0	0	0	0	0				
800044	0	0	0	0	0	0				
800045	0	0	0	0	0	0				
800046	0	0	0	0	0	0				
800047	0	0	0	0	0	0				
800048	0	0	0	0	0	0				
800049	0	0	0	0	0	0				
80004A	0	0	0	0	0	0				
80004B	0	0	0	0	0	0				
80004C	0	0	0	0	0	0				
80004D	0	0	0	0	0	0				
80004E	0	0	0	0	0	0				
80004F	0	0	0	0	0	0				
800050	0	0	0	0	0	0				
800051	0	0	0	0	0	0				
800052	0	0	0	0	0	0				
800053	0	0	0	0	0	0				
800054	0	0	0	0	0	0				
800055	0	0	0	0	0	0				
800056	0	0	0	0	0	0				
800057	0	0	0	0	0	0				
800058	0	0	0	0	0	0				
800059	0	0	0	0	0	0				
80005A	0	0	0	0	0	0				
80005B	0	0	0	0	0	0				
80005C	0	0	0	0	0	0				
80005D	0	0	0	0	0	0				
80005E	0	0	0	0	0	0				
80005F	0	0	0	0	0	0				
800060	0	0	0	0	0	0				
800061	0	0	0	0	0	0				
800062	0	0	0	0	0	0				
800063	0	0	0	0	0	0				
800064	0	0	0	0	0	0				
800065	0	0	0	0	0	0				
800066	0	0	0	0	0	0				
800067	0	0	0	0	0	0				
800068	0	0	0	0	0	0				
800069	0	0	0	0	0	0				
80006A	0	0	0	0	0	0				
80006B	0	0	0	0	0	0				
80006C	0	0	0	0	0	0				
80006D	0	0	0	0	0	0				
80006E	0	0	0	0	0	0				
80006F	0	0	0	0	0	0				
800070	0	0	0	0	0	0				
800071	0	0	0	0	0	0				
800072	0	0	0	0	0	0				
800073	0	0	0	0	0	0				
800074	0	0	0	0	0	0				
800075	0	0	0	0	0	0				
800076	0	0	0	0	0	0				
800077	0	0	0	0	0	0				
800078	0	0	0	0	0	0				
800079	0	0	0	0	0	0				
80007A	0	0	0	0	0	0				
80007B	0	0	0	0	0	0				
80007C	0	0	0	0	0	0				
80007D	0	0	0	0	0	0				
80007E	0	0	0	0	0	0				
80007F	0	0	0	0	0	0				
800080	0	0	0	0	0	0				
800081	0	0	0	0	0	0				
800082	0	0	0	0	0	0				
800083	0	0	0	0	0	0				
800084	0	0	0	0	0	0				
800085	0	0	0	0	0	0				
800086	0	0	0	0	0	0				
800087	0	0	0	0	0	0				
800088	0	0	0	0	0	0				
800089	0	0	0	0	0	0				
80008A	0	0	0	0	0	0				
80008B	0	0	0	0	0	0				
80008C	0	0	0	0	0	0				
80008D	0	0	0	0	0	0				
80008E	0	0	0	0	0	0				
80008F	0	0	0	0	0	0				
800090	0	0	0	0	0	0				
800091	0	0	0	0	0	0				
800092	0	0	0	0	0	0				
800093	0	0	0	0	0	0				
800094	0	0	0	0	0	0				
800095	0	0	0	0	0	0				
800096	0	0	0	0	0	0				
800097	0	0	0	0	0	0				
800098	0	0	0	0	0	0				
800099	0	0	0	0	0	0				
80009A	0	0	0	0	0	0				
80009B	0	0	0	0	0	0				
80009C	0	0	0	0	0	0				
80009D	0	0	0	0	0	0				
80009E	0	0	0	0	0	0				
80009F	0	0	0	0	0	0				
8000A0	0	0	0	0	0	0				
8000A1	0	0	0	0	0	0				
8000A2	0	0	0	0	0	0				
8000A3	0	0	0	0	0	0				
8000A4	0	0	0	0	0	0				
8000A5	0	0	0	0	0	0				
8000A6	0	0	0	0	0	0				
8000A7	0	0	0	0	0	0				
8000A8	0	0	0	0	0	0				
8000A9	0	0	0	0	0	0				
8000AA	0	0	0	0	0	0				
8000AB	0	0	0	0	0	0				
8000AC	0	0	0	0	0	0				
8000AD	0	0	0	0	0	0				
8000AE	0	0	0	0	0	0				
8000AF	392	0	0	0	0	387				
8000B0	0	0	0	0	0	0				
8000B1	0	0	0	0	0	0				
8000B2	0	0	0	0	0	0				
8000B3	0	0	0	0	0	0				
8000B4	0	0	0	0	0	0				
8000B5	0	0	0	0	0	0				
8000B6	0	0	0	0	0	0				
8000B7	0	0	0	0	0	0				
8000B8	0	0	0	0	0	0				
8000B9	0	0	0	0	0	0				
8000BA	0	0	0	0	0	0				
8000BB	0	0	0	0	0	0				
8000BC	0	0	0	0	0	0				
8000BD	0	0	0	0	0	0				
8000BE	0	0	0	0	0	0				
8000BF	0	0	0	0	0	0				
8000C0	0	0	0	0	0	0				
8000C1	0	0	0	0	0	0				
8000C2	0	0	0	0	0	0				
8000C3	0	0	0	0	0	0				
8000C4	0	0	0	0	0	0				
8000C5	0	0	0	0	0	0				
8000C6	0	0	0	0	0	0				
8000C7	0	0	0	0	0	0				
8000C8	0	0	0	0	0	0				
8000C9	0	0	0	0	0	0				
8000CA	0	0	0	0	0	0				
8000CB	0	0	0	0	0	0				
8000CC	0	0	0	0	0	0				
8000CD	0	0	0	0	0	0				
8000CE	0	0	0	0	0	0				
8000CF	0	0	0	0	0	0				
8000D0	0	0	0	0	0	0				
8000D1	0	0	0	0	0	0				
8000D2	0	0	0	0	0	0				
8000D3	0	0	0	0	0	0				
8000D4	0	0	0	0	0	0				
8000D5	0	0	0	0	0	0				
8000D6	0	0	0	0	0	0				
8000D7	0	0	0	0	0	0				
8000D8	0	0	0	0	0	0				
8000D9	0	0	0	0	0	0				
8000DA	0	0	0	0	0	0				
8000DB	0	0	0	0	0	0				
8000DC	0	0	0	0	0	0				
8000DD	0	0	0	0	0	0				
8000DE	0	0	0	0	0	0				
8000DF	0	0	0	0	0	0				
8000E0	0	0	0	0	0	0				
8000E1	0	0	0	0	0	0				
8000E2	0	0	0	0	0	0				
8000E3	0	0	0	0	0	0				
8000E4	0	0	0	0	0	0				
8000E5	0	0	0	0	0	0				
8000E6	0	0	0	0	0	0				
8000E7	0	0	0	0	0	0				
8000E8	0	0	0	0	0	0				
8000E9	0	0	0	0	0	0				
8000EA	0	0	0	0	0	0				
8000EB	0	0	0	0	0	0				
8000EC	0	0	0	0	0	0				
8000ED	0	0	0	0	0	0				
8000EE	0	0	0	0	0	0				
8000EF	0	0	0	0	0	0				
8000F0	0	0	0	0	0	0				
8000F1	0	0	0	0	0	0				
8000F2	0	0	0	0	0	0				
8000F3	0	0	0	0	0	0				
8000F4	0	0	0	0	0	0				
8000F5	0	0	0	0	0	0				
8000F6	0	0	0	0	0	0				
8000F7	0	0	0	0	0	0				
8000F8	0	0	0	0	0	0				
8000F9	0	0	0	0	0	0				
8000FA	0	0	0	0	0	0				
8000FA	0	0	0	0	0	0				
4000FE	612	0	0	0	0	612			
400000	0	0	0	0	0	0				
400001	584	0	0	0	0	584				
400002	613	0	0	0	0	613				
400003	0	0	0	0	0	0				
400004	0	0	0	0	0	0				
400005	609	0	0	0	0	609				
400006	0	0	0	0	0	0				
400007	0	0	0	0	0	0				
400008	0	0	0	0	0	0				
400009	0	0	0	0	0	0				
40000A	0	0	0	0	0	0				
40000B	0	0	0	0	0	0				
40000C	0	0	0	0	0	0				
40000D	537	0	0	0	0	0				
40000E	549	0	0	0	0	0				
40000F	554	0	0	0	0	0				
400010	0	0	0	0	0	0				
400011	0	0	0	0	0	0				
400012	0	0	0	0	0	0				
400013	0	0	0	0	0	0				
400014	0	0	0	0	0	0				
400015	0	0	0	0	0	0				
400016	0	0	0	0	0	0				
400017	0	0	0	0	0	0				
400018	0	0	0	0	0	0				
400019	0	0	0	0	0	0				
40001A	0	0	0	0	0	0				
40001B	0	0	0	0	0	0				
40001C	0	0	0	0	0	0				
40001D	0	0	0	0	0	0				
40001E	0	0	0	0	0	0				
40001F	0	0	0	0	0	0				
400020	0	0	0	0	0	0				
400021	0	0	0	0	0	0				
400022	0	0	0	0	0	0				
400023	0	0	0	0	0	0				
400024	0	0	0	0	0	0				
400025	0	0	0	0	0	0				
400026	0	0	0	0	0	0				
400027	0	0	0	0	0	0				
400028	0	0	0	0	0	0				
400029	0	0	0	0	0	0				
40002A	0	0	0	0	0	0				
40002B	0	0	0	0	0	0				
40002C	0	0	0	0	0	0				
40002D	0	0	0	0	0	0				
40002E	0	0	0	0	0	0				
40002F	0	0	0	0	0	0				
400030	0	0	0	0	0	0				
400031	0	0	0	0	0	0				
400032	0	0	0	0	0	0				
400033	0	0	0	0	0	0				
400034	0	0	0	0	0	0				
400035	0	0	0	0	0	0				
400036	0	0	0	0	0	0				
400037	0	0	0	0	0	0				
400038	0	0	0	0	0	0				
400039	0	0	0	0	0	0				
40003A	0	0	0	0	0	0				
40003B	0	0	0	0	0	0				
40003C	0	0	0	0	0	0				
40003D	0	0	0	0	0	0				
40003E	0	0	0	0	0	0				
40003F	0	0	0	0	0	0				
400040	0	0	0	0	0	0				
400041	0	0	0	0	0	0				
400042	0	0	0	0	0	0				
400043	0	0	0	0	0	0				
400044	0	0	0	0	0	0				
400045	0	0	0	0	0	0				
400046	0	0	0	0	0	0				
400047	0	0	0	0	0	0				
400048	0	0	0	0	0	0				
400049	0	0	0	0	0	0				
40004A	0	0	0	0	0	0				
40004B	0	0	0	0	0	0				
40004C	0	0	0	0	0	0				
40004D	0	0	0	0	0	0				
40004E	0	0	0	0	0	0				
40004F	0	0	0	0	0	0				
400050	0	0	0	0	0	0				
400051	0	0	0	0	0	0				
400052	0	0	0	0	0	0				
400053	0	0	0	0	0	0				
400054	0	0	0	0	0	0				
400055	0	0	0	0	0	0				
400056	0	0	0	0	0	0				
400057	0	0	0	0	0	0				
400058	0	0	0	0	0	0				
400059	0	0	0	0	0	0				
40005A	0	0	0	0	0	0				
40005B	0	0	0	0	0	0				
40005C	0	0	0	0	0	0				
40005D	0	0	0	0	0	0				
40005E	0	0	0	0	0	0				
40005F	0	0	0	0	0	0				
400060	0	0	0	0	0	0				
400061	0	0	0	0	0	0				
400062	0	0	0	0	0	0				
400063	0	0	0	0	0	0				
400064	0	0	0	0	0	0				
400065	0	0	0	0	0	0				
400066	0	0	0	0	0	0				
400067	0	0	0	0	0	0				
400068	0	0	0	0	0	0				
400069	0	0	0	0	0	0				
40006A	0	0	0	0	0	0				
40006B	0	0	0	0	0	0				
40006C	0	0	0	0	0	0				
40006D	0	0	0	0	0	0				
40006E	0	0	0	0	0	0				
40006F	0	0	0	0	0	0				
400070	0	0	0	0	0	0				
400071	0	0	0	0	0	0				
400072	0	0	0	0	0	0				
400073	0	0	0	0	0	0				
400074	0	0	0	0	0	0				
400075	0	0	0	0	0	0				
400076	0	0	0	0	0	0				
400077	0	0	0	0	0	0				
400078	0	0	0	0	0	0				
400079	0	0	0	0	0	0				
40007A	0	0	0	0	0	0				
40007B	0	0	0	0	0	0				
40007C	0	0	0	0	0	0				
40007D	0	0	0	0	0	0				
40007E	0	0	0	0	0	0				
40007F	0	0	0	0	0	0				
400080	0	0	0	0	0	0				
400081	0	0	0	0	0	0				
400082	0	0	0	0	0	0				
400083	0	0	0	0	0	0				
400084	0	0	0	0	0	0				
400085	0	0	0	0	0	0				
400086	0	0	0	0	0	0				
400087	0	0	0	0	0	0				
400088	0	0	0	0	0	0				
400089	0	0	0	0	0	0				
40008A	0	0	0	0	0	0				
40008B	0	0	0	0	0	0				
40008C	0	0	0	0	0	0				
40008D	0	0	0	0	0	0				
40008E	0	0	0	0	0	0				
40008F	0	0	0	0	0	0				
400090	0	0	0	0	0	0				
400091	0	0	0	0	0	0				
400092	0	0	0	0	0	0				
400093	0	0	0	0	0	0				
400094	0	0	0	0	0	0				
400095	0	0	0	0	0	0				
400096	0	0	0	0	0	0				
400097	0	0	0	0	0	0				
400098	0	0	0	0	0	0				
400099	0	0	0	0	0	0				
40009A	0	0	0	0	0	0				
40009B	0	0	0	0	0	0				
40009C	0	0	0	0	0	0				
40009D	0	0	0	0	0	0				
40009E	0	0	0	0	0	0				
40009F	0	0	0	0	0	0				
4000A0	0	0	0	0	0	0				
4000A1	0	0	0	0	0	0				
4000A2	0	0	0	0	0	0				
4000A3	0	0	0	0	0	0				
4000A4	0	0	0	0	0	0				
4000A5	0	0	0	0	0	0				
4000A6	0	0	0	0	0	0				
4000A7	0	0	0	0	0	0				
4000A8	0	0	0	0	0	0				
4000A9	0	0	0	0	0	0				
4000AA	0	0	0	0	0	0				
4000AB	0	0	0	0	0	0				
4000AC	0	0	0	0	0	0				
4000AD	0	0	0	0	0	0				
4000AE	0	0	0	0	0	0				
4000AF	0	0	0	0	0	0				
4000B0	0	0	0	0	0	0				
4000B1	0	0	0	0	0	0				
4000B2	372	0	0	0	0	367				
4000B3	0	0	0	0	0	0				
4000B4	0	0	0	0	0	0				
4000B5	0	0	0	0	0	0				
4000B6	0	0	0	0	0	0				
4000B7	0	0	0	0	0	0				
4000B8	0	0	0	0	0	0				
4000B9	0	0	0	0	0	0				
4000BA	0	0	0	0	0	0				
4000BB	0	0	0	0	0	0				
4000BC	0	0	0	0	0	0				
4000BD	0	0	0	0	0	0				
4000BE	0	0	0	0	0	0				
4000BF	0	0	0	0	0	0				
4000C0	0	0	0	0	0	0				
4000C1	0	0	0	0	0	0				
4000C2	0	0	0	0	0	0				
4000C3	0	0	0	0	0	0				
4000C4	0	0	0	0	0	0				
4000C5	0	0	0	0	0	0				
4000C6	0	0	0	0	0	0				
4000C7	0	0	0	0	0	0				
4000C8	0	0	0	0	0	0				
4000C9	0	0	0	0	0	0				
4000CA	0	0	0	0	0	0				
4000CB	0	0	0	0	0	0				
4000CC	0	0	0	0	0	0				
4000CD	0	0	0	0	0	0				
4000CE	0	0	0	0	0	0				
4000CF	0	0	0	0	0	0				
4000D0	0	0	0	0	0	0				
4000D1	0	0	0	0	0	0				
4000D2	0	0	0	0	0	0				
4000D3	0	0	0	0	0	0				
4000D4	0	0	0	0	0	0				
4000D5	0	0	0	0	0	0				
4000D6	0	0	0	0	0	0				
4000D7	0	0	0	0	0	0				
4000D8	0	0	0	0	0	0				
4000D9	0	0	0	0	0	0				
4000DA	0	0	0	0	0	0				
4000DB	0	0	0	0	0	0				
4000DC	0	0	0	0	0	0				
4000DD	0	0	0	0	0	0				
4000DE	0	0	0	0	0	0				
4000DF	0	0	0	0	0	0				
4000E0	0	0	0	0	0	0				
4000E1	0	0	0	0	0	0				
4000E2	0	0	0	0	0	0				
4000E3	298	0	0	0	0	0				
4000E4	0	0	0	0	0	0				
4000E5	0	0	0	0	0	0				
4000E6	0	0	0	0	0	0				
4000E7	0	0	0	0	0	0				
4000E8	0	0	0	0	0	0				
4000E9	0	0	0	0	0	0				
4000EA	0	0	0	0	0	0				
4000EB	303	0	0	0	0	0				
4000EC	0	0	0	0	0	0				
4000ED	0	0	0	0	0	0				
4000EE	0	0	0	0	0	0				
4000EF	450	0	0	0	0	0				
4000F0	0	0	0	0	0	0				
4000F1	0	0	0	0	0	0				
4000F2	0	0	0	0	0	0				
4000F3	308	0	0	0	0	0				
4000F4	0	0	0	0	0	0				
4000F5	0	0	0	0	0	0				
4000F6	0	0	0	0	0	0				
4000F7	451	0	0	0	0	0				
4000F8	0	0	0	0	0	0				
4000F9	452	0	0	0	0	0				
4000FA	0	0	0	0	0	0				
4000FB	0	0	0	0	0	0				
7002FC	612	0	0	0	0	612			
700200	0	0	0	0	0	0				
700201	584	0	0	0	0	584				
700202	613	0	0	0	0	613				
700203	0	0	0	0	0	0				
700204	0	0	0	0	0	0				
700205	609	0	0	0	0	609				
700206	0	0	0	0	0	0				
700207	0	0	0	0	0	0				
700208	0	0	0	0	0	0				
700209	0	0	0	0	0	0				
70020A	0	0	0	0	0	0				
70020B	0	0	0	0	0	0				
70020C	0	0	0	0	0	0				
70020D	570	0	0	0	0	544				
70020E	575	0	0	0	0	560				
70020F	580	0	0	0	0	565				
700210	0	0	0	0	0	0				
700211	0	0	0	0	0	0				
700212	0	0	0	0	0	0				
700213	0	0	0	0	0	0				
700214	0	0	0	0	0	0				
700215	0	0	0	0	0	0				
700216	0	0	0	0	0	0				
700217	0	0	0	0	0	0				
700218	0	0	0	0	0	0				
700219	0	0	0	0	0	0				
70021A	0	0	0	0	0	0				
70021B	0	0	0	0	0	0				
70021C	0	0	0	0	0	0				
70021D	0	0	0	0	0	0				
70021E	0	0	0	0	0	0				
70021F	0	0	0	0	0	0				
700220	0	0	0	0	0	0				
700221	0	0	0	0	0	0				
700222	0	0	0	0	0	0				
700223	0	0	0	0	0	0				
700224	0	0	0	0	0	0				
700225	0	0	0	0	0	0				
700226	0	0	0	0	0	0				
700227	0	0	0	0	0	0				
700228	0	0	0	0	0	0				
700229	0	0	0	0	0	0				
70022A	0	0	0	0	0	0				
70022B	0	0	0	0	0	0				
70022C	0	0	0	0	0	0				
70022D	0	0	0	0	0	0				
70022E	0	0	0	0	0	0				
70022F	0	0	0	0	0	0				
700230	0	0	0	0	0	0				
700231	0	0	0	0	0	0				
700232	0	0	0	0	0	0				
700233	0	0	0	0	0	0				
700234	0	0	0	0	0	0				
700235	0	0	0	0	0	0				
700236	0	0	0	0	0	0				
700237	0	0	0	0	0	0				
700238	0	0	0	0	0	0				
700239	0	0	0	0	0	0				
70023A	0	0	0	0	0	0				
70023B	0	0	0	0	0	0				
70023C	0	0	0	0	0	0				
70023D	0	0	0	0	0	0				
70023E	0	0	0	0	0	0				
70023F	0	0	0	0	0	0				
700240	0	0	0	0	0	0				
700241	0	0	0	0	0	0				
700242	0	0	0	0	0	0				
700243	0	0	0	0	0	0				
700244	0	0	0	0	0	0				
700245	0	0	0	0	0	0				
700246	0	0	0	0	0	0				
700247	0	0	0	0	0	0				
700248	0	0	0	0	0	0				
700249	0	0	0	0	0	0				
70024A	0	0	0	0	0	0				
70024B	0	0	0	0	0	0				
70024C	0	0	0	0	0	0				
70024D	0	0	0	0	0	0				
70024E	0	0	0	0	0	0				
70024F	0	0	0	0	0	0				
700250	0	0	0	0	0	0				
700251	0	0	0	0	0	0				
700252	0	0	0	0	0	0				
700253	0	0	0	0	0	0				
700254	0	0	0	0	0	0				
700255	0	0	0	0	0	0				
700256	0	0	0	0	0	0				
700257	0	0	0	0	0	0				
700258	0	0	0	0	0	0				
700259	0	0	0	0	0	0				
70025A	0	0	0	0	0	0				
70025B	0	0	0	0	0	0				
70025C	0	0	0	0	0	0				
70025D	0	0	0	0	0	0				
70025E	0	0	0	0	0	0				
70025F	0	0	0	0	0	0				
700260	0	0	0	0	0	0				
700261	0	0	0	0	0	0				
700262	0	0	0	0	0	0				
700263	0	0	0	0	0	0				
700264	0	0	0	0	0	0				
700265	0	0	0	0	0	0				
700266	0	0	0	0	0	0				
700267	0	0	0	0	0	0				
700268	0	0	0	0	0	0				
700269	0	0	0	0	0	0				
70026A	0	0	0	0	0	0				
70026B	0	0	0	0	0	0				
70026C	0	0	0	0	0	0				
70026D	0	0	0	0	0	0				
70026E	0	0	0	0	0	0				
70026F	0	0	0	0	0	0				
700270	0	0	0	0	0	0				
700271	0	0	0	0	0	0				
700272	0	0	0	0	0	0				
700273	0	0	0	0	0	0				
700274	0	0	0	0	0	0				
700275	0	0	0	0	0	0				
700276	0	0	0	0	0	0				
700277	0	0	0	0	0	0				
700278	0	0	0	0	0	0				
700279	0	0	0	0	0	0				
70027A	0	0	0	0	0	0				
70027B	0	0	0	0	0	0				
70027C	0	0	0	0	0	0				
70027D	0	0	0	0	0	0				
70027E	0	0	0	0	0	0				
70027F	0	0	0	0	0	0				
700280	404	0	0	0	0	0				
700281	0	0	0	0	0	0				
700282	0	0	0	0	0	0				
700283	0	0	0	0	0	0				
700284	0	0	0	0	0	0				
700285	0	0	0	0	0	0				
700286	0	0	0	0	0	0				
700287	0	0	0	0	0	0				
700288	0	0	0	0	0	0				
700289	0	0	0	0	0	0				
70028A	0	0	0	0	0	0				
70028B	0	0	0	0	0	0				
70028C	0	0	0	0	0	0				
70028D	0	0	0	0	0	0				
70028E	0	0	0	0	0	0				
70028F	0	0	0	0	0	0				
700290	0	0	0	0	0	0				
700291	0	0	0	0	0	0				
700292	0	0	0	0	0	0				
700293	0	0	0	0	0	0				
700294	0	0	0	0	0	0				
700295	0	0	0	0	0	0				
700296	0	0	0	0	0	0				
700297	0	0	0	0	0	0				
700298	0	0	0	0	0	0				
700299	0	0	0	0	0	0				
70029A	0	0	0	0	0	0				
70029B	0	0	0	0	0	0				
70029C	0	0	0	0	0	0				
70029D	0	0	0	0	0	0				
70029E	0	0	0	0	0	0				
70029F	0	0	0	0	0	0				
7002A0	0	0	0	0	0	0				
7002A1	0	0	0	0	0	0				
7002A2	0	0	0	0	0	0				
7002A3	0	0	0	0	0	0				
7002A4	0	0	0	0	0	0				
7002A5	0	0	0	0	0	0				
7002A6	0	0	0	0	0	0				
7002A7	0	0	0	0	0	0				
7002A8	0	0	0	0	0	0				
7002A9	0	0	0	0	0	0				
7002AA	0	0	0	0	0	0				
7002AB	0	0	0	0	0	0				
7002AC	0	0	0	0	0	0				
7002AD	0	0	0	0	0	0				
7002AE	385	0	0	0	0	380				
7002AF	0	0	0	0	0	0				
7002B0	0	0	0	0	0	0				
7002B1	0	0	0	0	0	0				
7002B2	0	0	0	0	0	0				
7002B3	316	0	0	0	0	331				
7002B4	0	0	0	0	0	0				
7002B5	0	0	0	0	0	0				
7002B6	0	0	0	0	0	0				
7002B7	492	0	0	0	0	477
7002B8	0	0	0	0	0	0				
7002B9	0	0	0	0	0	0				
7002BA	0	0	0	0	0	0				
7002BB	321	0	0	0	0	336				
7002BC	0	0	0	0	0	0				
7002BD	0	0	0	0	0	0				
7002BE	0	0	0	0	0	0				
7002BF	493	0	0	0	0	478
7002C0	0	0	0	0	0	0				
7002C1	0	0	0	0	0	0				
7002C2	0	0	0	0	0	0				
7002C3	326	0	0	0	0	341				
7002C4	0	0	0	0	0	0				
7002C5	0	0	0	0	0	0				
7002C6	0	0	0	0	0	0				
7002C7	494	0	0	0	0	479
7002C8	0	0	0	0	0	0				
7002C9	0	0	0	0	0	0				
7002CA	0	0	0	0	0	0				
7002CB	0	0	0	0	0	0				
7002CC	0	0	0	0	0	0				
7002CD	0	0	0	0	0	0				
7002CE	0	0	0	0	0	0				
7002CF	0	0	0	0	0	0				
7002D0	0	0	0	0	0	0				
7002D1	0	0	0	0	0	0				
7002D2	0	0	0	0	0	0				
7002D3	0	0	0	0	0	0				
7002D4	0	0	0	0	0	0				
7002D5	0	0	0	0	0	0				
7002D6	0	0	0	0	0	0				
7002D7	0	0	0	0	0	0				
7002D8	0	0	0	0	0	0				
7002D9	0	0	0	0	0	0				
7002DA	0	0	0	0	0	0				
7002DB	0	0	0	0	0	0				
7002DC	0	0	0	0	0	0				
7002DD	0	0	0	0	0	0				
7002DE	0	0	0	0	0	0				
7002DF	0	0	0	0	0	0				
7002E0	0	0	0	0	0	0				
7002E1	0	0	0	0	0	0				
7002E2	0	0	0	0	0	0				
7002E3	0	0	0	0	0	0				
7002E4	0	0	0	0	0	0				
7002E5	0	0	0	0	0	0				
7002E6	0	0	0	0	0	0				
7002E7	0	0	0	0	0	0				
7002E8	0	0	0	0	0	0				
7002E9	0	0	0	0	0	0				
7002EA	0	0	0	0	0	0				
7002EB	0	0	0	0	0	0				
7002EC	0	0	0	0	0	0				
7002ED	0	0	0	0	0	0				
7002EE	0	0	0	0	0	0				
7002EF	0	0	0	0	0	0				
7002F0	0	0	0	0	0	0				
7002F1	0	0	0	0	0	0				
7002F2	0	0	0	0	0	0				
7002F3	0	0	0	0	0	0				
7002F4	0	0	0	0	0	0				
7002F5	0	0	0	0	0	0				
7002F6	0	0	0	0	0	0				
7002F7	0	0	0	0	0	0				
7002F8	0	0	0	0	0	0				
7002F9	0	0	0	0	0	0				
7002FA	0	0	0	0	0	0				
7002FB	0	0	0	0	0	0				
8002FD	612	0	0	0	0	612			
800200	0	0	0	0	0	0				
800201	584	0	0	0	0	584				
800202	613	0	0	0	0	613				
800203	0	0	0	0	0	0				
800204	0	0	0	0	0	0				
800205	609	0	0	0	0	609		
800206	0	0	0	0	0	0				
800207	0	0	0	0	0	0				
800208	0	0	0	0	0	0				
800209	0	0	0	0	0	0				
80020A	0	0	0	0	0	0				
80020B	0	0	0	0	0	0				
80020C	0	0	0	0	0	0				
80020D	597	0	0	0	0	585				
80020E	601	0	0	0	0	589				
80020F	605	0	0	0	0	593				
800210	0	0	0	0	0	0				
800211	0	0	0	0	0	0				
800212	0	0	0	0	0	0				
800213	0	0	0	0	0	0				
800214	0	0	0	0	0	0				
800215	0	0	0	0	0	0				
800216	0	0	0	0	0	0				
800217	0	0	0	0	0	0				
800218	0	0	0	0	0	0				
800219	0	0	0	0	0	0				
80021A	0	0	0	0	0	0				
80021B	0	0	0	0	0	0				
80021C	0	0	0	0	0	0				
80021D	0	0	0	0	0	0				
80021E	0	0	0	0	0	0				
80021F	0	0	0	0	0	0				
800220	0	0	0	0	0	0				
800221	0	0	0	0	0	0				
800222	0	0	0	0	0	0				
800223	0	0	0	0	0	0				
800224	0	0	0	0	0	0				
800225	0	0	0	0	0	0				
800226	0	0	0	0	0	0				
800227	0	0	0	0	0	0				
800228	0	0	0	0	0	0				
800229	0	0	0	0	0	0				
80022A	0	0	0	0	0	0				
80022B	0	0	0	0	0	0				
80022C	0	0	0	0	0	0				
80022D	0	0	0	0	0	0				
80022E	0	0	0	0	0	0				
80022F	0	0	0	0	0	0				
800230	0	0	0	0	0	0				
800231	0	0	0	0	0	0				
800232	0	0	0	0	0	0				
800233	0	0	0	0	0	0				
800234	0	0	0	0	0	0				
800235	0	0	0	0	0	0				
800236	0	0	0	0	0	0				
800237	0	0	0	0	0	0				
800238	0	0	0	0	0	0				
800239	0	0	0	0	0	0				
80023A	0	0	0	0	0	0				
80023B	0	0	0	0	0	0				
80023C	0	0	0	0	0	0				
80023D	0	0	0	0	0	0				
80023E	0	0	0	0	0	0				
80023F	0	0	0	0	0	0				
800240	0	0	0	0	0	0				
800241	0	0	0	0	0	0				
800242	0	0	0	0	0	0				
800243	0	0	0	0	0	0				
800244	0	0	0	0	0	0				
800245	0	0	0	0	0	0				
800246	0	0	0	0	0	0				
800247	0	0	0	0	0	0				
800248	0	0	0	0	0	0				
800249	0	0	0	0	0	0				
80024A	0	0	0	0	0	0				
80024B	0	0	0	0	0	0				
80024C	0	0	0	0	0	0				
80024D	0	0	0	0	0	0				
80024E	0	0	0	0	0	0				
80024F	0	0	0	0	0	0				
800250	0	0	0	0	0	0				
800251	0	0	0	0	0	0				
800252	0	0	0	0	0	0				
800253	0	0	0	0	0	0				
800254	0	0	0	0	0	0				
800255	0	0	0	0	0	0				
800256	0	0	0	0	0	0				
800257	0	0	0	0	0	0				
800258	0	0	0	0	0	0				
800259	0	0	0	0	0	0				
80025A	0	0	0	0	0	0				
80025B	0	0	0	0	0	0				
80025C	0	0	0	0	0	0				
80025D	0	0	0	0	0	0				
80025E	0	0	0	0	0	0				
80025F	0	0	0	0	0	0				
800260	0	0	0	0	0	0				
800261	0	0	0	0	0	0				
800262	0	0	0	0	0	0				
800263	0	0	0	0	0	0				
800264	0	0	0	0	0	0				
800265	0	0	0	0	0	0				
800266	0	0	0	0	0	0				
800267	0	0	0	0	0	0				
800268	0	0	0	0	0	0				
800269	0	0	0	0	0	0				
80026A	0	0	0	0	0	0				
80026B	0	0	0	0	0	0				
80026C	0	0	0	0	0	0				
80026D	0	0	0	0	0	0				
80026E	0	0	0	0	0	0				
80026F	0	0	0	0	0	0				
800270	0	0	0	0	0	0				
800271	0	0	0	0	0	0				
800272	0	0	0	0	0	0				
800273	0	0	0	0	0	0				
800274	0	0	0	0	0	0				
800275	0	0	0	0	0	0				
800276	0	0	0	0	0	0				
800277	0	0	0	0	0	0				
800278	0	0	0	0	0	0				
800279	0	0	0	0	0	0				
80027A	0	0	0	0	0	0				
80027B	0	0	0	0	0	0				
80027C	0	0	0	0	0	0				
80027D	0	0	0	0	0	0				
80027E	0	0	0	0	0	0				
80027F	0	0	0	0	0	0				
800280	0	0	0	0	0	0				
800281	0	0	0	0	0	0				
800282	0	0	0	0	0	0				
800283	0	0	0	0	0	0				
800284	0	0	0	0	0	0				
800285	0	0	0	0	0	0				
800286	0	0	0	0	0	0				
800287	0	0	0	0	0	0				
800288	0	0	0	0	0	0				
800289	0	0	0	0	0	0				
80028A	0	0	0	0	0	0				
80028B	0	0	0	0	0	0				
80028C	0	0	0	0	0	0				
80028D	0	0	0	0	0	0				
80028E	0	0	0	0	0	0				
80028F	0	0	0	0	0	0				
800290	0	0	0	0	0	0				
800291	0	0	0	0	0	0				
800292	0	0	0	0	0	0				
800293	0	0	0	0	0	0				
800294	0	0	0	0	0	0				
800295	0	0	0	0	0	0				
800296	0	0	0	0	0	0				
800297	0	0	0	0	0	0				
800298	0	0	0	0	0	0				
800299	0	0	0	0	0	0				
80029A	0	0	0	0	0	0				
80029B	0	0	0	0	0	0				
80029C	0	0	0	0	0	0				
80029D	0	0	0	0	0	0				
80029E	0	0	0	0	0	0				
80029F	0	0	0	0	0	0				
8002A0	0	0	0	0	0	0				
8002A1	0	0	0	0	0	0				
8002A2	0	0	0	0	0	0				
8002A3	0	0	0	0	0	0				
8002A4	0	0	0	0	0	0				
8002A5	0	0	0	0	0	0				
8002A6	0	0	0	0	0	0				
8002A7	0	0	0	0	0	0				
8002A8	0	0	0	0	0	0				
8002A9	0	0	0	0	0	0				
8002AA	0	0	0	0	0	0				
8002AB	0	0	0	0	0	0				
8002AC	0	0	0	0	0	0				
8002AD	0	0	0	0	0	0				
8002AE	0	0	0	0	0	0				
8002AF	395	0	0	0	0	390				
8002B0	0	0	0	0	0	0				
8002B1	0	0	0	0	0	0				
8002B2	0	0	0	0	0	0				
8002B3	0	0	0	0	0	0				
8002B4	0	0	0	0	0	0				
8002B5	0	0	0	0	0	0				
8002B6	0	0	0	0	0	0				
8002B7	0	0	0	0	0	0				
8002B8	0	0	0	0	0	0				
8002B9	0	0	0	0	0	0				
8002BA	0	0	0	0	0	0				
8002BB	0	0	0	0	0	0				
8002BC	0	0	0	0	0	0				
8002BD	0	0	0	0	0	0				
8002BE	0	0	0	0	0	0				
8002BF	0	0	0	0	0	0				
8002C0	0	0	0	0	0	0				
8002C1	0	0	0	0	0	0				
8002C2	0	0	0	0	0	0				
8002C3	0	0	0	0	0	0				
8002C4	0	0	0	0	0	0				
8002C5	0	0	0	0	0	0				
8002C6	0	0	0	0	0	0				
8002C7	0	0	0	0	0	0				
8002C8	0	0	0	0	0	0				
8002C9	0	0	0	0	0	0				
8002CA	0	0	0	0	0	0				
8002CB	345	0	0	0	0	357				
8002CC	0	0	0	0	0	0				
8002CD	0	0	0	0	0	0				
8002CE	0	0	0	0	0	0				
8002CF	516	0	0	0	0	504
8002D0	0	0	0	0	0	0				
8002D1	0	0	0	0	0	0				
8002D2	0	0	0	0	0	0				
8002D3	349	0	0	0	0	361				
8002D4	0	0	0	0	0	0				
8002D5	0	0	0	0	0	0				
8002D6	0	0	0	0	0	0				
8002D7	517	0	0	0	0	505
8002D8	0	0	0	0	0	0				
8002D9	0	0	0	0	0	0				
8002DA	0	0	0	0	0	0				
8002DB	353	0	0	0	0	365				
8002DC	0	0	0	0	0	0				
8002DD	0	0	0	0	0	0				
8002DE	0	0	0	0	0	0				
8002DF	518	0	0	0	0	506
8002E0	0	0	0	0	0	0				
8002E1	0	0	0	0	0	0				
8002E2	0	0	0	0	0	0				
8002E3	0	0	0	0	0	0				
8002E4	0	0	0	0	0	0				
8002E5	0	0	0	0	0	0				
8002E6	0	0	0	0	0	0				
8002E7	0	0	0	0	0	0				
8002E8	0	0	0	0	0	0				
8002E9	0	0	0	0	0	0				
8002EA	0	0	0	0	0	0				
8002EB	0	0	0	0	0	0				
8002EC	0	0	0	0	0	0				
8002ED	0	0	0	0	0	0				
8002EE	0	0	0	0	0	0				
8002EF	0	0	0	0	0	0				
8002F0	0	0	0	0	0	0				
8002F1	0	0	0	0	0	0				
8002F2	0	0	0	0	0	0				
8002F3	0	0	0	0	0	0				
8002F4	0	0	0	0	0	0				
8002F5	0	0	0	0	0	0				
8002F6	0	0	0	0	0	0				
8002F7	0	0	0	0	0	0				
8002F8	0	0	0	0	0	0				
8002F9	0	0	0	0	0	0				
8002FA	0	0	0	0	0	0				
8002FB	0	0	0	0	0	0				
4002FE	612	0	0	0	0	612			
400200	0	0	0	0	0	0				
400201	584	0	0	0	0	584				
400202	613	0	0	0	0	613				
400203	0	0	0	0	0	0				
400204	0	0	0	0	0	0				
400205	609	0	0	0	0	609				
400206	0	0	0	0	0	0				
400207	0	0	0	0	0	0				
400208	0	0	0	0	0	0				
400209	0	0	0	0	0	0				
40020A	0	0	0	0	0	0				
40020B	0	0	0	0	0	0				
40020C	0	0	0	0	0	0				
40020D	538	0	0	0	0	0				
40020E	550	0	0	0	0	0				
40020F	555	0	0	0	0	0				
400210	0	0	0	0	0	0				
400211	0	0	0	0	0	0				
400212	0	0	0	0	0	0				
400213	0	0	0	0	0	0				
400214	0	0	0	0	0	0				
400215	0	0	0	0	0	0				
400216	0	0	0	0	0	0				
400217	0	0	0	0	0	0				
400218	0	0	0	0	0	0				
400219	0	0	0	0	0	0				
40021A	0	0	0	0	0	0				
40021B	0	0	0	0	0	0				
40021C	0	0	0	0	0	0				
40021D	0	0	0	0	0	0				
40021E	0	0	0	0	0	0				
40021F	0	0	0	0	0	0				
400220	0	0	0	0	0	0				
400221	0	0	0	0	0	0				
400222	0	0	0	0	0	0				
400223	0	0	0	0	0	0				
400224	0	0	0	0	0	0				
400225	0	0	0	0	0	0				
400226	0	0	0	0	0	0				
400227	0	0	0	0	0	0				
400228	0	0	0	0	0	0				
400229	0	0	0	0	0	0				
40022A	0	0	0	0	0	0				
40022B	0	0	0	0	0	0				
40022C	0	0	0	0	0	0				
40022D	0	0	0	0	0	0				
40022E	0	0	0	0	0	0				
40022F	0	0	0	0	0	0				
400230	0	0	0	0	0	0				
400231	0	0	0	0	0	0				
400232	0	0	0	0	0	0				
400233	0	0	0	0	0	0				
400234	0	0	0	0	0	0				
400235	0	0	0	0	0	0				
400236	0	0	0	0	0	0				
400237	0	0	0	0	0	0				
400238	0	0	0	0	0	0				
400239	0	0	0	0	0	0				
40023A	0	0	0	0	0	0				
40023B	0	0	0	0	0	0				
40023C	0	0	0	0	0	0				
40023D	0	0	0	0	0	0				
40023E	0	0	0	0	0	0				
40023F	0	0	0	0	0	0				
400240	0	0	0	0	0	0				
400241	0	0	0	0	0	0				
400242	0	0	0	0	0	0				
400243	0	0	0	0	0	0				
400244	0	0	0	0	0	0				
400245	0	0	0	0	0	0				
400246	0	0	0	0	0	0				
400247	0	0	0	0	0	0				
400248	0	0	0	0	0	0				
400249	0	0	0	0	0	0				
40024A	0	0	0	0	0	0				
40024B	0	0	0	0	0	0				
40024C	0	0	0	0	0	0				
40024D	0	0	0	0	0	0				
40024E	0	0	0	0	0	0				
40024F	0	0	0	0	0	0				
400250	0	0	0	0	0	0				
400251	0	0	0	0	0	0				
400252	0	0	0	0	0	0				
400253	0	0	0	0	0	0				
400254	0	0	0	0	0	0				
400255	0	0	0	0	0	0				
400256	0	0	0	0	0	0				
400257	0	0	0	0	0	0				
400258	0	0	0	0	0	0				
400259	0	0	0	0	0	0				
40025A	0	0	0	0	0	0				
40025B	0	0	0	0	0	0				
40025C	0	0	0	0	0	0				
40025D	0	0	0	0	0	0				
40025E	0	0	0	0	0	0				
40025F	0	0	0	0	0	0				
400260	0	0	0	0	0	0				
400261	0	0	0	0	0	0				
400262	0	0	0	0	0	0				
400263	0	0	0	0	0	0				
400264	0	0	0	0	0	0				
400265	0	0	0	0	0	0				
400266	0	0	0	0	0	0				
400267	0	0	0	0	0	0				
400268	0	0	0	0	0	0				
400269	0	0	0	0	0	0				
40026A	0	0	0	0	0	0				
40026B	0	0	0	0	0	0				
40026C	0	0	0	0	0	0				
40026D	0	0	0	0	0	0				
40026E	0	0	0	0	0	0				
40026F	0	0	0	0	0	0				
400270	0	0	0	0	0	0				
400271	0	0	0	0	0	0				
400272	0	0	0	0	0	0				
400273	0	0	0	0	0	0				
400274	0	0	0	0	0	0				
400275	0	0	0	0	0	0				
400276	0	0	0	0	0	0				
400277	0	0	0	0	0	0				
400278	0	0	0	0	0	0				
400279	0	0	0	0	0	0				
40027A	0	0	0	0	0	0				
40027B	0	0	0	0	0	0				
40027C	0	0	0	0	0	0				
40027D	0	0	0	0	0	0				
40027E	0	0	0	0	0	0				
40027F	0	0	0	0	0	0				
400280	0	0	0	0	0	0				
400281	0	0	0	0	0	0				
400282	0	0	0	0	0	0				
400283	0	0	0	0	0	0				
400284	0	0	0	0	0	0				
400285	0	0	0	0	0	0				
400286	0	0	0	0	0	0				
400287	0	0	0	0	0	0				
400288	0	0	0	0	0	0				
400289	0	0	0	0	0	0				
40028A	0	0	0	0	0	0				
40028B	0	0	0	0	0	0				
40028C	0	0	0	0	0	0				
40028D	0	0	0	0	0	0				
40028E	0	0	0	0	0	0				
40028F	0	0	0	0	0	0				
400290	0	0	0	0	0	0				
400291	0	0	0	0	0	0				
400292	0	0	0	0	0	0				
400293	0	0	0	0	0	0				
400294	0	0	0	0	0	0				
400295	0	0	0	0	0	0				
400296	0	0	0	0	0	0				
400297	0	0	0	0	0	0				
400298	0	0	0	0	0	0				
400299	0	0	0	0	0	0				
40029A	0	0	0	0	0	0				
40029B	0	0	0	0	0	0				
40029C	0	0	0	0	0	0				
40029D	0	0	0	0	0	0				
40029E	0	0	0	0	0	0				
40029F	0	0	0	0	0	0				
4002A0	0	0	0	0	0	0				
4002A1	0	0	0	0	0	0				
4002A2	0	0	0	0	0	0				
4002A3	0	0	0	0	0	0				
4002A4	0	0	0	0	0	0				
4002A5	0	0	0	0	0	0				
4002A6	0	0	0	0	0	0				
4002A7	0	0	0	0	0	0				
4002A8	0	0	0	0	0	0				
4002A9	0	0	0	0	0	0				
4002AA	0	0	0	0	0	0				
4002AB	0	0	0	0	0	0				
4002AC	0	0	0	0	0	0				
4002AD	0	0	0	0	0	0				
4002AE	0	0	0	0	0	0				
4002AF	0	0	0	0	0	0				
4002B0	0	0	0	0	0	0				
4002B1	0	0	0	0	0	0				
4002B2	375	0	0	0	0	370				
4002B3	0	0	0	0	0	0				
4002B4	0	0	0	0	0	0				
4002B5	0	0	0	0	0	0				
4002B6	0	0	0	0	0	0				
4002B7	0	0	0	0	0	0				
4002B8	0	0	0	0	0	0				
4002B9	0	0	0	0	0	0				
4002BA	0	0	0	0	0	0				
4002BB	0	0	0	0	0	0				
4002BC	0	0	0	0	0	0				
4002BD	0	0	0	0	0	0				
4002BE	0	0	0	0	0	0				
4002BF	0	0	0	0	0	0				
4002C0	0	0	0	0	0	0				
4002C1	0	0	0	0	0	0				
4002C2	0	0	0	0	0	0				
4002C3	0	0	0	0	0	0				
4002C4	0	0	0	0	0	0				
4002C5	0	0	0	0	0	0				
4002C6	0	0	0	0	0	0				
4002C7	0	0	0	0	0	0				
4002C8	0	0	0	0	0	0				
4002C9	0	0	0	0	0	0				
4002CA	0	0	0	0	0	0				
4002CB	0	0	0	0	0	0				
4002CC	0	0	0	0	0	0				
4002CD	0	0	0	0	0	0				
4002CE	0	0	0	0	0	0				
4002CF	0	0	0	0	0	0				
4002D0	0	0	0	0	0	0				
4002D1	0	0	0	0	0	0				
4002D2	0	0	0	0	0	0				
4002D3	0	0	0	0	0	0				
4002D4	0	0	0	0	0	0				
4002D5	0	0	0	0	0	0				
4002D6	0	0	0	0	0	0				
4002D7	0	0	0	0	0	0				
4002D8	0	0	0	0	0	0				
4002D9	0	0	0	0	0	0				
4002DA	0	0	0	0	0	0				
4002DB	0	0	0	0	0	0				
4002DC	0	0	0	0	0	0				
4002DD	0	0	0	0	0	0				
4002DE	0	0	0	0	0	0				
4002DF	0	0	0	0	0	0				
4002E0	0	0	0	0	0	0				
4002E1	0	0	0	0	0	0				
4002E2	0	0	0	0	0	0				
4002E3	301	0	0	0	0	0				
4002E4	0	0	0	0	0	0				
4002E5	0	0	0	0	0	0				
4002E6	0	0	0	0	0	0				
4002E7	0	0	0	0	0	0				
4002E8	0	0	0	0	0	0				
4002E9	0	0	0	0	0	0				
4002EA	0	0	0	0	0	0				
4002EB	306	0	0	0	0	0				
4002EC	0	0	0	0	0	0				
4002ED	0	0	0	0	0	0				
4002EE	0	0	0	0	0	0				
4002EF	462	0	0	0	0	0				
4002F0	0	0	0	0	0	0				
4002F1	0	0	0	0	0	0				
4002F2	0	0	0	0	0	0				
4002F3	311	0	0	0	0	0				
4002F4	0	0	0	0	0	0				
4002F5	0	0	0	0	0	0				
4002F6	0	0	0	0	0	0				
4002F7	463	0	0	0	0	0				
4002F8	0	0	0	0	0	0				
4002F9	464	0	0	0	0	0				
4002FA	0	0	0	0	0	0				
4002FB	0	0	0	0	0	0				
7003FC	612	0	0	0	0	612			
700300	0	0	0	0	0	0				
700301	584	0	0	0	0	584				
700302	613	0	0	0	0	613				
700303	0	0	0	0	0	0				
700304	0	0	0	0	0	0				
700305	609	0	0	0	0	609				
700306	0	0	0	0	0	0				
700307	0	0	0	0	0	0				
700308	0	0	0	0	0	0				
700309	0	0	0	0	0	0				
70030A	0	0	0	0	0	0				
70030B	0	0	0	0	0	0				
70030C	0	0	0	0	0	0				
70030D	571	0	0	0	0	545				
70030E	576	0	0	0	0	561				
70030F	581	0	0	0	0	566				
700310	0	0	0	0	0	0				
700311	0	0	0	0	0	0				
700312	0	0	0	0	0	0				
700313	0	0	0	0	0	0				
700314	0	0	0	0	0	0				
700315	0	0	0	0	0	0				
700316	0	0	0	0	0	0				
700317	0	0	0	0	0	0				
700318	0	0	0	0	0	0				
700319	0	0	0	0	0	0				
70031A	0	0	0	0	0	0				
70031B	0	0	0	0	0	0				
70031C	0	0	0	0	0	0				
70031D	0	0	0	0	0	0				
70031E	0	0	0	0	0	0				
70031F	0	0	0	0	0	0				
700320	0	0	0	0	0	0				
700321	0	0	0	0	0	0				
700322	0	0	0	0	0	0				
700323	0	0	0	0	0	0				
700324	0	0	0	0	0	0				
700325	0	0	0	0	0	0				
700326	0	0	0	0	0	0				
700327	0	0	0	0	0	0				
700328	0	0	0	0	0	0				
700329	0	0	0	0	0	0				
70032A	0	0	0	0	0	0				
70032B	0	0	0	0	0	0				
70032C	0	0	0	0	0	0				
70032D	0	0	0	0	0	0				
70032E	0	0	0	0	0	0				
70032F	0	0	0	0	0	0				
700330	0	0	0	0	0	0				
700331	0	0	0	0	0	0				
700332	0	0	0	0	0	0				
700333	0	0	0	0	0	0				
700334	0	0	0	0	0	0				
700335	0	0	0	0	0	0				
700336	0	0	0	0	0	0				
700337	0	0	0	0	0	0				
700338	0	0	0	0	0	0				
700339	0	0	0	0	0	0				
70033A	0	0	0	0	0	0				
70033B	0	0	0	0	0	0				
70033C	0	0	0	0	0	0				
70033D	0	0	0	0	0	0				
70033E	0	0	0	0	0	0				
70033F	0	0	0	0	0	0				
700340	0	0	0	0	0	0				
700341	0	0	0	0	0	0				
700342	0	0	0	0	0	0				
700343	0	0	0	0	0	0				
700344	0	0	0	0	0	0				
700345	0	0	0	0	0	0				
700346	0	0	0	0	0	0				
700347	0	0	0	0	0	0				
700348	0	0	0	0	0	0				
700349	0	0	0	0	0	0				
70034A	0	0	0	0	0	0				
70034B	0	0	0	0	0	0				
70034C	0	0	0	0	0	0				
70034D	0	0	0	0	0	0				
70034E	0	0	0	0	0	0				
70034F	0	0	0	0	0	0				
700350	0	0	0	0	0	0				
700351	0	0	0	0	0	0				
700352	0	0	0	0	0	0				
700353	0	0	0	0	0	0				
700354	0	0	0	0	0	0				
700355	0	0	0	0	0	0				
700356	0	0	0	0	0	0				
700357	0	0	0	0	0	0				
700358	0	0	0	0	0	0				
700359	0	0	0	0	0	0				
70035A	0	0	0	0	0	0				
70035B	0	0	0	0	0	0				
70035C	0	0	0	0	0	0				
70035D	0	0	0	0	0	0				
70035E	0	0	0	0	0	0				
70035F	0	0	0	0	0	0				
700360	0	0	0	0	0	0				
700361	0	0	0	0	0	0				
700362	0	0	0	0	0	0				
700363	0	0	0	0	0	0				
700364	0	0	0	0	0	0				
700365	0	0	0	0	0	0				
700366	0	0	0	0	0	0				
700367	0	0	0	0	0	0				
700368	0	0	0	0	0	0				
700369	0	0	0	0	0	0				
70036A	0	0	0	0	0	0				
70036B	0	0	0	0	0	0				
70036C	0	0	0	0	0	0				
70036D	0	0	0	0	0	0				
70036E	0	0	0	0	0	0				
70036F	0	0	0	0	0	0				
700370	0	0	0	0	0	0				
700371	0	0	0	0	0	0				
700372	0	0	0	0	0	0				
700373	0	0	0	0	0	0				
700374	0	0	0	0	0	0				
700375	0	0	0	0	0	0				
700376	0	0	0	0	0	0				
700377	0	0	0	0	0	0				
700378	0	0	0	0	0	0				
700379	0	0	0	0	0	0				
70037A	0	0	0	0	0	0				
70037B	0	0	0	0	0	0				
70037C	0	0	0	0	0	0				
70037D	0	0	0	0	0	0				
70037E	0	0	0	0	0	0				
70037F	0	0	0	0	0	0				
700380	401	0	0	0	0	0				
700381	0	0	0	0	0	0				
700382	0	0	0	0	0	0				
700383	0	0	0	0	0	0				
700384	0	0	0	0	0	0				
700385	0	0	0	0	0	0				
700386	0	0	0	0	0	0				
700387	0	0	0	0	0	0				
700388	0	0	0	0	0	0				
700389	0	0	0	0	0	0				
70038A	0	0	0	0	0	0				
70038B	0	0	0	0	0	0				
70038C	0	0	0	0	0	0				
70038D	0	0	0	0	0	0				
70038E	0	0	0	0	0	0				
70038F	0	0	0	0	0	0				
700390	0	0	0	0	0	0				
700391	0	0	0	0	0	0				
700392	0	0	0	0	0	0				
700393	0	0	0	0	0	0				
700394	0	0	0	0	0	0				
700395	0	0	0	0	0	0				
700396	0	0	0	0	0	0				
700397	0	0	0	0	0	0				
700398	0	0	0	0	0	0				
700399	0	0	0	0	0	0				
70039A	0	0	0	0	0	0				
70039B	0	0	0	0	0	0				
70039C	0	0	0	0	0	0				
70039D	0	0	0	0	0	0				
70039E	0	0	0	0	0	0				
70039F	0	0	0	0	0	0				
7003A0	0	0	0	0	0	0				
7003A1	0	0	0	0	0	0				
7003A2	0	0	0	0	0	0				
7003A3	0	0	0	0	0	0				
7003A4	0	0	0	0	0	0				
7003A5	0	0	0	0	0	0				
7003A6	0	0	0	0	0	0				
7003A7	0	0	0	0	0	0				
7003A8	0	0	0	0	0	0				
7003A9	0	0	0	0	0	0				
7003AA	0	0	0	0	0	0				
7003AB	0	0	0	0	0	0				
7003AC	0	0	0	0	0	0				
7003AD	0	0	0	0	0	0				
7003AE	383	0	0	0	0	378				
7003AF	0	0	0	0	0	0				
7003B0	0	0	0	0	0	0				
7003B1	0	0	0	0	0	0				
7003B2	0	0	0	0	0	0				
7003B3	314	0	0	0	0	329				
7003B4	0	0	0	0	0	0				
7003B5	0	0	0	0	0	0				
7003B6	0	0	0	0	0	0				
7003B7	486	0	0	0	0	471
7003B8	0	0	0	0	0	0				
7003B9	0	0	0	0	0	0				
7003BA	0	0	0	0	0	0				
7003BB	319	0	0	0	0	334				
7003BC	0	0	0	0	0	0				
7003BD	0	0	0	0	0	0				
7003BE	0	0	0	0	0	0				
7003BF	487	0	0	0	0	472
7003C0	0	0	0	0	0	0				
7003C1	0	0	0	0	0	0				
7003C2	0	0	0	0	0	0				
7003C3	324	0	0	0	0	339				
7003C4	0	0	0	0	0	0				
7003C5	0	0	0	0	0	0				
7003C6	0	0	0	0	0	0				
7003C7	488	0	0	0	0	473
7003C8	0	0	0	0	0	0				
7003C9	0	0	0	0	0	0				
7003CA	0	0	0	0	0	0				
7003CB	0	0	0	0	0	0				
7003CC	0	0	0	0	0	0				
7003CD	0	0	0	0	0	0				
7003CE	0	0	0	0	0	0				
7003CF	0	0	0	0	0	0				
7003D0	0	0	0	0	0	0				
7003D1	0	0	0	0	0	0				
7003D2	0	0	0	0	0	0				
7003D3	0	0	0	0	0	0				
7003D4	0	0	0	0	0	0				
7003D5	0	0	0	0	0	0				
7003D6	0	0	0	0	0	0				
7003D7	0	0	0	0	0	0				
7003D8	0	0	0	0	0	0				
7003D9	0	0	0	0	0	0				
7003DA	0	0	0	0	0	0				
7003DB	0	0	0	0	0	0				
7003DC	0	0	0	0	0	0				
7003DD	0	0	0	0	0	0				
7003DE	0	0	0	0	0	0				
7003DF	0	0	0	0	0	0				
7003E0	0	0	0	0	0	0				
7003E1	0	0	0	0	0	0				
7003E2	0	0	0	0	0	0				
7003E3	0	0	0	0	0	0				
7003E4	0	0	0	0	0	0				
7003E5	0	0	0	0	0	0				
7003E6	0	0	0	0	0	0				
7003E7	0	0	0	0	0	0				
7003E8	0	0	0	0	0	0				
7003E9	0	0	0	0	0	0				
7003EA	0	0	0	0	0	0				
7003EB	0	0	0	0	0	0				
7003EC	0	0	0	0	0	0				
7003ED	0	0	0	0	0	0				
7003EE	0	0	0	0	0	0				
7003EF	0	0	0	0	0	0				
7003F0	0	0	0	0	0	0				
7003F1	0	0	0	0	0	0				
7003F2	0	0	0	0	0	0				
7003F3	0	0	0	0	0	0				
7003F4	0	0	0	0	0	0				
7003F5	0	0	0	0	0	0				
7003F6	0	0	0	0	0	0				
7003F7	0	0	0	0	0	0				
7003F8	0	0	0	0	0	0				
7003F9	0	0	0	0	0	0				
7003FA	0	0	0	0	0	0				
7003FB	0	0	0	0	0	0				
8003FD	612	0	0	0	0	612			
800300	0	0	0	0	0	0				
800301	584	0	0	0	0	584				
800302	613	0	0	0	0	613				
800303	0	0	0	0	0	0				
800304	0	0	0	0	0	0				
800305	609	0	0	0	0	609				
800306	0	0	0	0	0	0				
800307	0	0	0	0	0	0				
800308	0	0	0	0	0	0				
800309	0	0	0	0	0	0				
80030A	0	0	0	0	0	0				
80030B	0	0	0	0	0	0				
80030C	0	0	0	0	0	0				
80030D	598	0	0	0	0	586				
80030E	602	0	0	0	0	590				
80030F	606	0	0	0	0	594				
800310	0	0	0	0	0	0				
800311	0	0	0	0	0	0				
800312	0	0	0	0	0	0				
800313	0	0	0	0	0	0				
800314	0	0	0	0	0	0				
800315	0	0	0	0	0	0				
800316	0	0	0	0	0	0				
800317	0	0	0	0	0	0				
800318	0	0	0	0	0	0				
800319	0	0	0	0	0	0				
80031A	0	0	0	0	0	0				
80031B	0	0	0	0	0	0				
80031C	0	0	0	0	0	0				
80031D	0	0	0	0	0	0				
80031E	0	0	0	0	0	0				
80031F	0	0	0	0	0	0				
800320	0	0	0	0	0	0				
800321	0	0	0	0	0	0				
800322	0	0	0	0	0	0				
800323	0	0	0	0	0	0				
800324	0	0	0	0	0	0				
800325	0	0	0	0	0	0				
800326	0	0	0	0	0	0				
800327	0	0	0	0	0	0				
800328	0	0	0	0	0	0				
800329	0	0	0	0	0	0				
80032A	0	0	0	0	0	0				
80032B	0	0	0	0	0	0				
80032C	0	0	0	0	0	0				
80032D	0	0	0	0	0	0				
80032E	0	0	0	0	0	0				
80032F	0	0	0	0	0	0				
800330	0	0	0	0	0	0				
800331	0	0	0	0	0	0				
800332	0	0	0	0	0	0				
800333	0	0	0	0	0	0				
800334	0	0	0	0	0	0				
800335	0	0	0	0	0	0				
800336	0	0	0	0	0	0				
800337	0	0	0	0	0	0				
800338	0	0	0	0	0	0				
800339	0	0	0	0	0	0				
80033A	0	0	0	0	0	0				
80033B	0	0	0	0	0	0				
80033C	0	0	0	0	0	0				
80033D	0	0	0	0	0	0				
80033E	0	0	0	0	0	0				
80033F	0	0	0	0	0	0				
800340	0	0	0	0	0	0				
800341	0	0	0	0	0	0				
800342	0	0	0	0	0	0				
800343	0	0	0	0	0	0				
800344	0	0	0	0	0	0				
800345	0	0	0	0	0	0				
800346	0	0	0	0	0	0				
800347	0	0	0	0	0	0				
800348	0	0	0	0	0	0				
800349	0	0	0	0	0	0				
80034A	0	0	0	0	0	0				
80034B	0	0	0	0	0	0				
80034C	0	0	0	0	0	0				
80034D	0	0	0	0	0	0				
80034E	0	0	0	0	0	0				
80034F	0	0	0	0	0	0				
800350	0	0	0	0	0	0				
800351	0	0	0	0	0	0				
800352	0	0	0	0	0	0				
800353	0	0	0	0	0	0				
800354	0	0	0	0	0	0				
800355	0	0	0	0	0	0				
800356	0	0	0	0	0	0				
800357	0	0	0	0	0	0				
800358	0	0	0	0	0	0				
800359	0	0	0	0	0	0				
80035A	0	0	0	0	0	0				
80035B	0	0	0	0	0	0				
80035C	0	0	0	0	0	0				
80035D	0	0	0	0	0	0				
80035E	0	0	0	0	0	0				
80035F	0	0	0	0	0	0				
800360	0	0	0	0	0	0				
800361	0	0	0	0	0	0				
800362	0	0	0	0	0	0				
800363	0	0	0	0	0	0				
800364	0	0	0	0	0	0				
800365	0	0	0	0	0	0				
800366	0	0	0	0	0	0				
800367	0	0	0	0	0	0				
800368	0	0	0	0	0	0				
800369	0	0	0	0	0	0				
80036A	0	0	0	0	0	0				
80036B	0	0	0	0	0	0				
80036C	0	0	0	0	0	0				
80036D	0	0	0	0	0	0				
80036E	0	0	0	0	0	0				
80036F	0	0	0	0	0	0				
800370	0	0	0	0	0	0				
800371	0	0	0	0	0	0				
800372	0	0	0	0	0	0				
800373	0	0	0	0	0	0				
800374	0	0	0	0	0	0				
800375	0	0	0	0	0	0				
800376	0	0	0	0	0	0				
800377	0	0	0	0	0	0				
800378	0	0	0	0	0	0				
800379	0	0	0	0	0	0				
80037A	0	0	0	0	0	0				
80037B	0	0	0	0	0	0				
80037C	0	0	0	0	0	0				
80037D	0	0	0	0	0	0				
80037E	0	0	0	0	0	0				
80037F	0	0	0	0	0	0				
800380	0	0	0	0	0	0				
800381	0	0	0	0	0	0				
800382	0	0	0	0	0	0				
800383	0	0	0	0	0	0				
800384	0	0	0	0	0	0				
800385	0	0	0	0	0	0				
800386	0	0	0	0	0	0				
800387	0	0	0	0	0	0				
800388	0	0	0	0	0	0				
800389	0	0	0	0	0	0				
80038A	0	0	0	0	0	0				
80038B	0	0	0	0	0	0				
80038C	0	0	0	0	0	0				
80038D	0	0	0	0	0	0				
80038E	0	0	0	0	0	0				
80038F	0	0	0	0	0	0				
800390	0	0	0	0	0	0				
800391	0	0	0	0	0	0				
800392	0	0	0	0	0	0				
800393	0	0	0	0	0	0				
800394	0	0	0	0	0	0				
800395	0	0	0	0	0	0				
800396	0	0	0	0	0	0				
800397	0	0	0	0	0	0				
800398	0	0	0	0	0	0				
800399	0	0	0	0	0	0				
80039A	0	0	0	0	0	0				
80039B	0	0	0	0	0	0				
80039C	0	0	0	0	0	0				
80039D	0	0	0	0	0	0				
80039E	0	0	0	0	0	0				
80039F	0	0	0	0	0	0				
8003A0	0	0	0	0	0	0				
8003A1	0	0	0	0	0	0				
8003A2	0	0	0	0	0	0				
8003A3	0	0	0	0	0	0				
8003A4	0	0	0	0	0	0				
8003A5	0	0	0	0	0	0				
8003A6	0	0	0	0	0	0				
8003A7	0	0	0	0	0	0				
8003A8	0	0	0	0	0	0				
8003A9	0	0	0	0	0	0				
8003AA	0	0	0	0	0	0				
8003AB	0	0	0	0	0	0				
8003AC	0	0	0	0	0	0				
8003AD	0	0	0	0	0	0				
8003AE	0	0	0	0	0	0				
8003AF	393	0	0	0	0	388				
8003B0	0	0	0	0	0	0				
8003B1	0	0	0	0	0	0				
8003B2	0	0	0	0	0	0				
8003B3	0	0	0	0	0	0				
8003B4	0	0	0	0	0	0				
8003B5	0	0	0	0	0	0				
8003B6	0	0	0	0	0	0				
8003B7	0	0	0	0	0	0				
8003B8	0	0	0	0	0	0				
8003B9	0	0	0	0	0	0				
8003BA	0	0	0	0	0	0				
8003BB	0	0	0	0	0	0				
8003BC	0	0	0	0	0	0				
8003BD	0	0	0	0	0	0				
8003BE	0	0	0	0	0	0				
8003BF	0	0	0	0	0	0				
8003C0	0	0	0	0	0	0				
8003C1	0	0	0	0	0	0				
8003C2	0	0	0	0	0	0				
8003C3	0	0	0	0	0	0				
8003C4	0	0	0	0	0	0				
8003C5	0	0	0	0	0	0				
8003C6	0	0	0	0	0	0				
8003C7	0	0	0	0	0	0				
8003C8	0	0	0	0	0	0				
8003C9	0	0	0	0	0	0				
8003CA	0	0	0	0	0	0				
8003CB	343	0	0	0	0	355				
8003CC	0	0	0	0	0	0				
8003CD	0	0	0	0	0	0				
8003CE	0	0	0	0	0	0				
8003CF	510	0	0	0	0	498
8003D0	0	0	0	0	0	0				
8003D1	0	0	0	0	0	0				
8003D2	0	0	0	0	0	0				
8003D3	347	0	0	0	0	359				
8003D4	0	0	0	0	0	0				
8003D5	0	0	0	0	0	0				
8003D6	0	0	0	0	0	0				
8003D7	511	0	0	0	0	499
8003D8	0	0	0	0	0	0				
8003D9	0	0	0	0	0	0				
8003DA	0	0	0	0	0	0				
8003DB	351	0	0	0	0	363				
8003DC	0	0	0	0	0	0				
8003DD	0	0	0	0	0	0				
8003DE	0	0	0	0	0	0				
8003DF	512	0	0	0	0	500
8003E0	0	0	0	0	0	0				
8003E1	0	0	0	0	0	0				
8003E2	0	0	0	0	0	0				
8003E3	0	0	0	0	0	0				
8003E4	0	0	0	0	0	0				
8003E5	0	0	0	0	0	0				
8003E6	0	0	0	0	0	0				
8003E7	0	0	0	0	0	0				
8003E8	0	0	0	0	0	0				
8003E9	0	0	0	0	0	0				
8003EA	0	0	0	0	0	0				
8003EB	0	0	0	0	0	0				
8003EC	0	0	0	0	0	0				
8003ED	0	0	0	0	0	0				
8003EE	0	0	0	0	0	0				
8003EF	0	0	0	0	0	0				
8003F0	0	0	0	0	0	0				
8003F1	0	0	0	0	0	0				
8003F2	0	0	0	0	0	0				
8003F3	0	0	0	0	0	0				
8003F4	0	0	0	0	0	0				
8003F5	0	0	0	0	0	0				
8003F6	0	0	0	0	0	0				
8003F7	0	0	0	0	0	0				
8003F8	0	0	0	0	0	0				
8003F9	0	0	0	0	0	0				
8003FA	0	0	0	0	0	0				
8003FB	0	0	0	0	0	0				
4003FE	612	0	0	0	0	612			
400300	0	0	0	0	0	0				
400301	584	0	0	0	0	584				
400302	613	0	0	0	0	613				
400303	0	0	0	0	0	0				
400304	0	0	0	0	0	0				
400305	609	0	0	0	0	609				
400306	0	0	0	0	0	0				
400307	0	0	0	0	0	0				
400308	0	0	0	0	0	0				
400309	0	0	0	0	0	0				
40030A	0	0	0	0	0	0				
40030B	0	0	0	0	0	0				
40030C	0	0	0	0	0	0				
40030D	539	0	0	0	0	0				
40030E	551	0	0	0	0	0				
40030F	556	0	0	0	0	0				
400310	0	0	0	0	0	0				
400311	0	0	0	0	0	0				
400312	0	0	0	0	0	0				
400313	0	0	0	0	0	0				
400314	0	0	0	0	0	0				
400315	0	0	0	0	0	0				
400316	0	0	0	0	0	0				
400317	0	0	0	0	0	0				
400318	0	0	0	0	0	0				
400319	0	0	0	0	0	0				
40031A	0	0	0	0	0	0				
40031B	0	0	0	0	0	0				
40031C	0	0	0	0	0	0				
40031D	0	0	0	0	0	0				
40031E	0	0	0	0	0	0				
40031F	0	0	0	0	0	0				
400320	0	0	0	0	0	0				
400321	0	0	0	0	0	0				
400322	0	0	0	0	0	0				
400323	0	0	0	0	0	0				
400324	0	0	0	0	0	0				
400325	0	0	0	0	0	0				
400326	0	0	0	0	0	0				
400327	0	0	0	0	0	0				
400328	0	0	0	0	0	0				
400329	0	0	0	0	0	0				
40032A	0	0	0	0	0	0				
40032B	0	0	0	0	0	0				
40032C	0	0	0	0	0	0				
40032D	0	0	0	0	0	0				
40032E	0	0	0	0	0	0				
40032F	0	0	0	0	0	0				
400330	0	0	0	0	0	0				
400331	0	0	0	0	0	0				
400332	0	0	0	0	0	0				
400333	0	0	0	0	0	0				
400334	0	0	0	0	0	0				
400335	0	0	0	0	0	0				
400336	0	0	0	0	0	0				
400337	0	0	0	0	0	0				
400338	0	0	0	0	0	0				
400339	0	0	0	0	0	0				
40033A	0	0	0	0	0	0				
40033B	0	0	0	0	0	0				
40033C	0	0	0	0	0	0				
40033D	0	0	0	0	0	0				
40033E	0	0	0	0	0	0				
40033F	0	0	0	0	0	0				
400340	0	0	0	0	0	0				
400341	0	0	0	0	0	0				
400342	0	0	0	0	0	0				
400343	0	0	0	0	0	0				
400344	0	0	0	0	0	0				
400345	0	0	0	0	0	0				
400346	0	0	0	0	0	0				
400347	0	0	0	0	0	0				
400348	0	0	0	0	0	0				
400349	0	0	0	0	0	0				
40034A	0	0	0	0	0	0				
40034B	0	0	0	0	0	0				
40034C	0	0	0	0	0	0				
40034D	0	0	0	0	0	0				
40034E	0	0	0	0	0	0				
40034F	0	0	0	0	0	0				
400350	0	0	0	0	0	0				
400351	0	0	0	0	0	0				
400352	0	0	0	0	0	0				
400353	0	0	0	0	0	0				
400354	0	0	0	0	0	0				
400355	0	0	0	0	0	0				
400356	0	0	0	0	0	0				
400357	0	0	0	0	0	0				
400358	0	0	0	0	0	0				
400359	0	0	0	0	0	0				
40035A	0	0	0	0	0	0				
40035B	0	0	0	0	0	0				
40035C	0	0	0	0	0	0				
40035D	0	0	0	0	0	0				
40035E	0	0	0	0	0	0				
40035F	0	0	0	0	0	0				
400360	0	0	0	0	0	0				
400361	0	0	0	0	0	0				
400362	0	0	0	0	0	0				
400363	0	0	0	0	0	0				
400364	0	0	0	0	0	0				
400365	0	0	0	0	0	0				
400366	0	0	0	0	0	0				
400367	0	0	0	0	0	0				
400368	0	0	0	0	0	0				
400369	0	0	0	0	0	0				
40036A	0	0	0	0	0	0				
40036B	0	0	0	0	0	0				
40036C	0	0	0	0	0	0				
40036D	0	0	0	0	0	0				
40036E	0	0	0	0	0	0				
40036F	0	0	0	0	0	0				
400370	0	0	0	0	0	0				
400371	0	0	0	0	0	0				
400372	0	0	0	0	0	0				
400373	0	0	0	0	0	0				
400374	0	0	0	0	0	0				
400375	0	0	0	0	0	0				
400376	0	0	0	0	0	0				
400377	0	0	0	0	0	0				
400378	0	0	0	0	0	0				
400379	0	0	0	0	0	0				
40037A	0	0	0	0	0	0				
40037B	0	0	0	0	0	0				
40037C	0	0	0	0	0	0				
40037D	0	0	0	0	0	0				
40037E	0	0	0	0	0	0				
40037F	0	0	0	0	0	0				
400380	0	0	0	0	0	0				
400381	0	0	0	0	0	0				
400382	0	0	0	0	0	0				
400383	0	0	0	0	0	0				
400384	0	0	0	0	0	0				
400385	0	0	0	0	0	0				
400386	0	0	0	0	0	0				
400387	0	0	0	0	0	0				
400388	0	0	0	0	0	0				
400389	0	0	0	0	0	0				
40038A	0	0	0	0	0	0				
40038B	0	0	0	0	0	0				
40038C	0	0	0	0	0	0				
40038D	0	0	0	0	0	0				
40038E	0	0	0	0	0	0				
40038F	0	0	0	0	0	0				
400390	0	0	0	0	0	0				
400391	0	0	0	0	0	0				
400392	0	0	0	0	0	0				
400393	0	0	0	0	0	0				
400394	0	0	0	0	0	0				
400395	0	0	0	0	0	0				
400396	0	0	0	0	0	0				
400397	0	0	0	0	0	0				
400398	0	0	0	0	0	0				
400399	0	0	0	0	0	0				
40039A	0	0	0	0	0	0				
40039B	0	0	0	0	0	0				
40039C	0	0	0	0	0	0				
40039D	0	0	0	0	0	0				
40039E	0	0	0	0	0	0				
40039F	0	0	0	0	0	0				
4003A0	0	0	0	0	0	0				
4003A1	0	0	0	0	0	0				
4003A2	0	0	0	0	0	0				
4003A3	0	0	0	0	0	0				
4003A4	0	0	0	0	0	0				
4003A5	0	0	0	0	0	0				
4003A6	0	0	0	0	0	0				
4003A7	0	0	0	0	0	0				
4003A8	0	0	0	0	0	0				
4003A9	0	0	0	0	0	0				
4003AA	0	0	0	0	0	0				
4003AB	0	0	0	0	0	0				
4003AC	0	0	0	0	0	0				
4003AD	0	0	0	0	0	0				
4003AE	0	0	0	0	0	0				
4003AF	0	0	0	0	0	0				
4003B0	0	0	0	0	0	0				
4003B1	0	0	0	0	0	0				
4003B2	373	0	0	0	0	368				
4003B3	0	0	0	0	0	0				
4003B4	0	0	0	0	0	0				
4003B5	0	0	0	0	0	0				
4003B6	0	0	0	0	0	0				
4003B7	0	0	0	0	0	0				
4003B8	0	0	0	0	0	0				
4003B9	0	0	0	0	0	0				
4003BA	0	0	0	0	0	0				
4003BB	0	0	0	0	0	0				
4003BC	0	0	0	0	0	0				
4003BD	0	0	0	0	0	0				
4003BE	0	0	0	0	0	0				
4003BF	0	0	0	0	0	0				
4003C0	0	0	0	0	0	0				
4003C1	0	0	0	0	0	0				
4003C2	0	0	0	0	0	0				
4003C3	0	0	0	0	0	0				
4003C4	0	0	0	0	0	0				
4003C5	0	0	0	0	0	0				
4003C6	0	0	0	0	0	0				
4003C7	0	0	0	0	0	0				
4003C8	0	0	0	0	0	0				
4003C9	0	0	0	0	0	0				
4003CA	0	0	0	0	0	0				
4003CB	0	0	0	0	0	0				
4003CC	0	0	0	0	0	0				
4003CD	0	0	0	0	0	0				
4003CE	0	0	0	0	0	0				
4003CF	0	0	0	0	0	0				
4003D0	0	0	0	0	0	0				
4003D1	0	0	0	0	0	0				
4003D2	0	0	0	0	0	0				
4003D3	0	0	0	0	0	0				
4003D4	0	0	0	0	0	0				
4003D5	0	0	0	0	0	0				
4003D6	0	0	0	0	0	0				
4003D7	0	0	0	0	0	0				
4003D8	0	0	0	0	0	0				
4003D9	0	0	0	0	0	0				
4003DA	0	0	0	0	0	0				
4003DB	0	0	0	0	0	0				
4003DC	0	0	0	0	0	0				
4003DD	0	0	0	0	0	0				
4003DE	0	0	0	0	0	0				
4003DF	0	0	0	0	0	0				
4003E0	0	0	0	0	0	0				
4003E1	0	0	0	0	0	0				
4003E2	0	0	0	0	0	0				
4003E3	299	0	0	0	0	0				
4003E4	0	0	0	0	0	0				
4003E5	0	0	0	0	0	0				
4003E6	0	0	0	0	0	0				
4003E7	0	0	0	0	0	0				
4003E8	0	0	0	0	0	0				
4003E9	0	0	0	0	0	0				
4003EA	0	0	0	0	0	0				
4003EB	304	0	0	0	0	0				
4003EC	0	0	0	0	0	0				
4003ED	0	0	0	0	0	0				
4003EE	0	0	0	0	0	0				
4003EF	456	0	0	0	0	0				
4003F0	0	0	0	0	0	0				
4003F1	0	0	0	0	0	0				
4003F2	0	0	0	0	0	0				
4003F3	309	0	0	0	0	0				
4003F4	0	0	0	0	0	0				
4003F5	0	0	0	0	0	0				
4003F6	0	0	0	0	0	0				
4003F7	457	0	0	0	0	0				
4003F8	0	0	0	0	0	0				
4003F9	458	0	0	0	0	0				
4003FA	0	0	0	0	0	0				
4003FB	0	0	0	0	0	0				
7004FC	612	0	0	0	0	612			
700400	0	0	0	0	0	0				
700401	584	0	0	0	0	584				
700402	613	0	0	0	0	613				
700403	0	0	0	0	0	0				
700404	0	0	0	0	0	0				
700405	609	0	0	0	0	609				
700406	0	0	0	0	0	0				
700407	0	0	0	0	0	0				
700408	0	0	0	0	0	0				
700409	0	0	0	0	0	0				
70040A	0	0	0	0	0	0				
70040B	0	0	0	0	0	0				
70040C	0	0	0	0	0	0				
70040D	572	0	0	0	0	546				
70040E	577	0	0	0	0	562				
70040F	582	0	0	0	0	567				
700410	0	0	0	0	0	0				
700411	0	0	0	0	0	0				
700412	0	0	0	0	0	0				
700413	0	0	0	0	0	0				
700414	0	0	0	0	0	0				
700415	0	0	0	0	0	0				
700416	0	0	0	0	0	0				
700417	0	0	0	0	0	0				
700418	0	0	0	0	0	0				
700419	0	0	0	0	0	0				
70041A	0	0	0	0	0	0				
70041B	0	0	0	0	0	0				
70041C	0	0	0	0	0	0				
70041D	0	0	0	0	0	0				
70041E	0	0	0	0	0	0				
70041F	0	0	0	0	0	0				
700420	0	0	0	0	0	0				
700421	0	0	0	0	0	0				
700422	0	0	0	0	0	0				
700423	0	0	0	0	0	0				
700424	0	0	0	0	0	0				
700425	0	0	0	0	0	0				
700426	0	0	0	0	0	0				
700427	0	0	0	0	0	0				
700428	0	0	0	0	0	0				
700429	0	0	0	0	0	0				
70042A	0	0	0	0	0	0				
70042B	0	0	0	0	0	0				
70042C	0	0	0	0	0	0				
70042D	0	0	0	0	0	0				
70042E	0	0	0	0	0	0				
70042F	0	0	0	0	0	0				
700430	0	0	0	0	0	0				
700431	0	0	0	0	0	0				
700432	0	0	0	0	0	0				
700433	0	0	0	0	0	0				
700434	0	0	0	0	0	0				
700435	0	0	0	0	0	0				
700436	0	0	0	0	0	0				
700437	0	0	0	0	0	0				
700438	0	0	0	0	0	0				
700439	0	0	0	0	0	0				
70043A	0	0	0	0	0	0				
70043B	0	0	0	0	0	0				
70043C	0	0	0	0	0	0				
70043D	0	0	0	0	0	0				
70043E	0	0	0	0	0	0				
70043F	0	0	0	0	0	0				
700440	0	0	0	0	0	0				
700441	0	0	0	0	0	0				
700442	0	0	0	0	0	0				
700443	0	0	0	0	0	0				
700444	0	0	0	0	0	0				
700445	0	0	0	0	0	0				
700446	0	0	0	0	0	0				
700447	0	0	0	0	0	0				
700448	0	0	0	0	0	0				
700449	0	0	0	0	0	0				
70044A	0	0	0	0	0	0				
70044B	0	0	0	0	0	0				
70044C	0	0	0	0	0	0				
70044D	0	0	0	0	0	0				
70044E	0	0	0	0	0	0				
70044F	0	0	0	0	0	0				
700450	0	0	0	0	0	0				
700451	0	0	0	0	0	0				
700452	0	0	0	0	0	0				
700453	0	0	0	0	0	0				
700454	0	0	0	0	0	0				
700455	0	0	0	0	0	0				
700456	0	0	0	0	0	0				
700457	0	0	0	0	0	0				
700458	0	0	0	0	0	0				
700459	0	0	0	0	0	0				
70045A	0	0	0	0	0	0				
70045B	0	0	0	0	0	0				
70045C	0	0	0	0	0	0				
70045D	0	0	0	0	0	0				
70045E	0	0	0	0	0	0				
70045F	0	0	0	0	0	0				
700460	0	0	0	0	0	0				
700461	0	0	0	0	0	0				
700462	0	0	0	0	0	0				
700463	0	0	0	0	0	0				
700464	0	0	0	0	0	0				
700465	0	0	0	0	0	0				
700466	0	0	0	0	0	0				
700467	0	0	0	0	0	0				
700468	0	0	0	0	0	0				
700469	0	0	0	0	0	0				
70046A	0	0	0	0	0	0				
70046B	0	0	0	0	0	0				
70046C	0	0	0	0	0	0				
70046D	0	0	0	0	0	0				
70046E	0	0	0	0	0	0				
70046F	0	0	0	0	0	0				
700470	0	0	0	0	0	0				
700471	0	0	0	0	0	0				
700472	0	0	0	0	0	0				
700473	0	0	0	0	0	0				
700474	0	0	0	0	0	0				
700475	0	0	0	0	0	0				
700476	0	0	0	0	0	0				
700477	0	0	0	0	0	0				
700478	0	0	0	0	0	0				
700479	0	0	0	0	0	0				
70047A	0	0	0	0	0	0				
70047B	0	0	0	0	0	0				
70047C	0	0	0	0	0	0				
70047D	0	0	0	0	0	0				
70047E	0	0	0	0	0	0				
70047F	0	0	0	0	0	0				
700480	402	0	0	0	0	0				
700481	0	0	0	0	0	0				
700482	0	0	0	0	0	0				
700483	0	0	0	0	0	0				
700484	0	0	0	0	0	0				
700485	0	0	0	0	0	0				
700486	0	0	0	0	0	0				
700487	0	0	0	0	0	0				
700488	0	0	0	0	0	0				
700489	0	0	0	0	0	0				
70048A	0	0	0	0	0	0				
70048B	0	0	0	0	0	0				
70048C	0	0	0	0	0	0				
70048D	0	0	0	0	0	0				
70048E	0	0	0	0	0	0				
70048F	0	0	0	0	0	0				
700490	0	0	0	0	0	0				
700491	0	0	0	0	0	0				
700492	0	0	0	0	0	0				
700493	0	0	0	0	0	0				
700494	0	0	0	0	0	0				
700495	0	0	0	0	0	0				
700496	0	0	0	0	0	0				
700497	0	0	0	0	0	0				
700498	0	0	0	0	0	0				
700499	0	0	0	0	0	0				
70049A	0	0	0	0	0	0				
70049B	0	0	0	0	0	0				
70049C	0	0	0	0	0	0				
70049D	0	0	0	0	0	0				
70049E	0	0	0	0	0	0				
70049F	0	0	0	0	0	0				
7004A0	0	0	0	0	0	0				
7004A1	0	0	0	0	0	0				
7004A2	0	0	0	0	0	0				
7004A3	0	0	0	0	0	0				
7004A4	0	0	0	0	0	0				
7004A5	0	0	0	0	0	0				
7004A6	0	0	0	0	0	0				
7004A7	0	0	0	0	0	0				
7004A8	0	0	0	0	0	0				
7004A9	0	0	0	0	0	0				
7004AA	0	0	0	0	0	0				
7004AB	0	0	0	0	0	0				
7004AC	0	0	0	0	0	0				
7004AD	0	0	0	0	0	0				
7004AE	384	0	0	0	0	379				
7004AF	0	0	0	0	0	0				
7004B0	0	0	0	0	0	0				
7004B1	0	0	0	0	0	0				
7004B2	0	0	0	0	0	0				
7004B3	312	0	0	0	0	327				
7004B4	0	0	0	0	0	0				
7004B5	0	0	0	0	0	0				
7004B6	0	0	0	0	0	0				
7004B7	483	0	0	0	0	468
7004B8	0	0	0	0	0	0				
7004B9	0	0	0	0	0	0				
7004BA	0	0	0	0	0	0				
7004BB	317	0	0	0	0	332				
7004BC	0	0	0	0	0	0
7004BD	0	0	0	0	0	0				
7004BE	0	0	0	0	0	0				
7004BF	484	0	0	0	0	469
7004C0	0	0	0	0	0	0				
7004C1	0	0	0	0	0	0				
7004C2	0	0	0	0	0	0				
7004C3	322	0	0	0	0	337				
7004C4	0	0	0	0	0	0				
7004C5	0	0	0	0	0	0				
7004C6	0	0	0	0	0	0				
7004C7	485	0	0	0	0	470
7004C8	0	0	0	0	0	0				
7004C9	0	0	0	0	0	0				
7004CA	0	0	0	0	0	0				
7004CB	0	0	0	0	0	0				
7004CC	0	0	0	0	0	0				
7004CD	0	0	0	0	0	0				
7004CE	0	0	0	0	0	0				
7004CF	0	0	0	0	0	0				
7004D0	0	0	0	0	0	0				
7004D1	0	0	0	0	0	0				
7004D2	0	0	0	0	0	0				
7004D3	0	0	0	0	0	0				
7004D4	0	0	0	0	0	0				
7004D5	0	0	0	0	0	0				
7004D6	0	0	0	0	0	0				
7004D7	0	0	0	0	0	0				
7004D8	0	0	0	0	0	0				
7004D9	0	0	0	0	0	0				
7004DA	0	0	0	0	0	0				
7004DB	0	0	0	0	0	0				
7004DC	0	0	0	0	0	0				
7004DD	0	0	0	0	0	0				
7004DE	0	0	0	0	0	0				
7004DF	0	0	0	0	0	0				
7004E0	0	0	0	0	0	0				
7004E1	0	0	0	0	0	0				
7004E2	0	0	0	0	0	0				
7004E3	0	0	0	0	0	0				
7004E4	0	0	0	0	0	0				
7004E5	0	0	0	0	0	0				
7004E6	0	0	0	0	0	0				
7004E7	0	0	0	0	0	0				
7004E8	0	0	0	0	0	0				
7004E9	0	0	0	0	0	0				
7004EA	0	0	0	0	0	0				
7004EB	0	0	0	0	0	0				
7004EC	0	0	0	0	0	0				
7004ED	0	0	0	0	0	0				
7004EE	0	0	0	0	0	0				
7004EF	0	0	0	0	0	0				
7004F0	0	0	0	0	0	0				
7004F1	0	0	0	0	0	0				
7004F2	0	0	0	0	0	0				
7004F3	0	0	0	0	0	0				
7004F4	0	0	0	0	0	0				
7004F5	0	0	0	0	0	0				
7004F6	0	0	0	0	0	0				
7004F7	0	0	0	0	0	0				
7004F8	0	0	0	0	0	0				
7004F9	0	0	0	0	0	0				
7004FA	0	0	0	0	0	0				
7004FB	0	0	0	0	0	0				
8004FD	612	0	0	0	0	612			
800400	0	0	0	0	0	0				
800401	584	0	0	0	0	584				
800402	613	0	0	0	0	613				
800403	0	0	0	0	0	0				
800404	0	0	0	0	0	0				
800405	609	0	0	0	0	609				
800406	0	0	0	0	0	0				
800407	0	0	0	0	0	0				
800408	0	0	0	0	0	0				
800409	0	0	0	0	0	0				
80040A	0	0	0	0	0	0				
80040B	0	0	0	0	0	0				
80040C	0	0	0	0	0	0				
80040D	599	0	0	0	0	587				
80040E	603	0	0	0	0	591				
80040F	607	0	0	0	0	595				
800410	0	0	0	0	0	0				
800411	0	0	0	0	0	0				
800412	0	0	0	0	0	0				
800413	0	0	0	0	0	0				
800414	0	0	0	0	0	0				
800415	0	0	0	0	0	0				
800416	0	0	0	0	0	0				
800417	0	0	0	0	0	0				
800418	0	0	0	0	0	0				
800419	0	0	0	0	0	0				
80041A	0	0	0	0	0	0				
80041B	0	0	0	0	0	0				
80041C	0	0	0	0	0	0				
80041D	0	0	0	0	0	0				
80041E	0	0	0	0	0	0				
80041F	0	0	0	0	0	0				
800420	0	0	0	0	0	0				
800421	0	0	0	0	0	0				
800422	0	0	0	0	0	0				
800423	0	0	0	0	0	0				
800424	0	0	0	0	0	0				
800425	0	0	0	0	0	0				
800426	0	0	0	0	0	0				
800427	0	0	0	0	0	0				
800428	0	0	0	0	0	0				
800429	0	0	0	0	0	0				
80042A	0	0	0	0	0	0				
80042B	0	0	0	0	0	0				
80042C	0	0	0	0	0	0				
80042D	0	0	0	0	0	0				
80042E	0	0	0	0	0	0				
80042F	0	0	0	0	0	0				
800430	0	0	0	0	0	0				
800431	0	0	0	0	0	0				
800432	0	0	0	0	0	0				
800433	0	0	0	0	0	0				
800434	0	0	0	0	0	0				
800435	0	0	0	0	0	0				
800436	0	0	0	0	0	0				
800437	0	0	0	0	0	0				
800438	0	0	0	0	0	0				
800439	0	0	0	0	0	0				
80043A	0	0	0	0	0	0				
80043B	0	0	0	0	0	0				
80043C	0	0	0	0	0	0				
80043D	0	0	0	0	0	0				
80043E	0	0	0	0	0	0				
80043F	0	0	0	0	0	0				
800440	0	0	0	0	0	0				
800441	0	0	0	0	0	0				
800442	0	0	0	0	0	0				
800443	0	0	0	0	0	0				
800444	0	0	0	0	0	0				
800445	0	0	0	0	0	0				
800446	0	0	0	0	0	0				
800447	0	0	0	0	0	0				
800448	0	0	0	0	0	0				
800449	0	0	0	0	0	0				
80044A	0	0	0	0	0	0				
80044B	0	0	0	0	0	0				
80044C	0	0	0	0	0	0				
80044D	0	0	0	0	0	0				
80044E	0	0	0	0	0	0				
80044F	0	0	0	0	0	0				
800450	0	0	0	0	0	0				
800451	0	0	0	0	0	0				
800452	0	0	0	0	0	0				
800453	0	0	0	0	0	0				
800454	0	0	0	0	0	0				
800455	0	0	0	0	0	0				
800456	0	0	0	0	0	0				
800457	0	0	0	0	0	0				
800458	0	0	0	0	0	0				
800459	0	0	0	0	0	0				
80045A	0	0	0	0	0	0				
80045B	0	0	0	0	0	0				
80045C	0	0	0	0	0	0				
80045D	0	0	0	0	0	0				
80045E	0	0	0	0	0	0				
80045F	0	0	0	0	0	0				
800460	0	0	0	0	0	0				
800461	0	0	0	0	0	0				
800462	0	0	0	0	0	0				
800463	0	0	0	0	0	0				
800464	0	0	0	0	0	0				
800465	0	0	0	0	0	0				
800466	0	0	0	0	0	0				
800467	0	0	0	0	0	0				
800468	0	0	0	0	0	0				
800469	0	0	0	0	0	0				
80046A	0	0	0	0	0	0				
80046B	0	0	0	0	0	0				
80046C	0	0	0	0	0	0				
80046D	0	0	0	0	0	0				
80046E	0	0	0	0	0	0				
80046F	0	0	0	0	0	0				
800470	0	0	0	0	0	0				
800471	0	0	0	0	0	0				
800472	0	0	0	0	0	0				
800473	0	0	0	0	0	0				
800474	0	0	0	0	0	0				
800475	0	0	0	0	0	0				
800476	0	0	0	0	0	0				
800477	0	0	0	0	0	0				
800478	0	0	0	0	0	0				
800479	0	0	0	0	0	0				
80047A	0	0	0	0	0	0				
80047B	0	0	0	0	0	0				
80047C	0	0	0	0	0	0				
80047D	0	0	0	0	0	0				
80047E	0	0	0	0	0	0				
80047F	0	0	0	0	0	0				
800480	0	0	0	0	0	0				
800481	0	0	0	0	0	0				
800482	0	0	0	0	0	0				
800483	0	0	0	0	0	0				
800484	0	0	0	0	0	0				
800485	0	0	0	0	0	0				
800486	0	0	0	0	0	0				
800487	0	0	0	0	0	0				
800488	0	0	0	0	0	0				
800489	0	0	0	0	0	0				
80048A	0	0	0	0	0	0				
80048B	0	0	0	0	0	0				
80048C	0	0	0	0	0	0				
80048D	0	0	0	0	0	0				
80048E	0	0	0	0	0	0				
80048F	0	0	0	0	0	0				
800490	0	0	0	0	0	0				
800491	0	0	0	0	0	0				
800492	0	0	0	0	0	0				
800493	0	0	0	0	0	0				
800494	0	0	0	0	0	0				
800495	0	0	0	0	0	0				
800496	0	0	0	0	0	0				
800497	0	0	0	0	0	0				
800498	0	0	0	0	0	0				
800499	0	0	0	0	0	0				
80049A	0	0	0	0	0	0				
80049B	0	0	0	0	0	0				
80049C	0	0	0	0	0	0				
80049D	0	0	0	0	0	0				
80049E	0	0	0	0	0	0				
80049F	0	0	0	0	0	0				
8004A0	0	0	0	0	0	0				
8004A1	0	0	0	0	0	0				
8004A2	0	0	0	0	0	0				
8004A3	0	0	0	0	0	0				
8004A4	0	0	0	0	0	0				
8004A5	0	0	0	0	0	0				
8004A6	0	0	0	0	0	0				
8004A7	0	0	0	0	0	0				
8004A8	0	0	0	0	0	0				
8004A9	0	0	0	0	0	0				
8004AA	0	0	0	0	0	0				
8004AB	0	0	0	0	0	0				
8004AC	0	0	0	0	0	0				
8004AD	0	0	0	0	0	0				
8004AE	0	0	0	0	0	0				
8004AF	394	0	0	0	0	389				
8004B0	0	0	0	0	0	0				
8004B1	0	0	0	0	0	0				
8004B2	0	0	0	0	0	0				
8004B3	0	0	0	0	0	0				
8004B4	0	0	0	0	0	0				
8004B5	0	0	0	0	0	0				
8004B6	0	0	0	0	0	0				
8004B7	0	0	0	0	0	0				
8004B8	0	0	0	0	0	0				
8004B9	0	0	0	0	0	0				
8004BA	0	0	0	0	0	0				
8004BB	0	0	0	0	0	0				
8004BC	0	0	0	0	0	0				
8004BD	0	0	0	0	0	0				
8004BE	0	0	0	0	0	0				
8004BF	0	0	0	0	0	0				
8004C0	0	0	0	0	0	0				
8004C1	0	0	0	0	0	0				
8004C2	0	0	0	0	0	0				
8004C3	0	0	0	0	0	0				
8004C4	0	0	0	0	0	0				
8004C5	0	0	0	0	0	0				
8004C6	0	0	0	0	0	0				
8004C7	0	0	0	0	0	0				
8004C8	0	0	0	0	0	0				
8004C9	0	0	0	0	0	0				
8004CA	0	0	0	0	0	0				
8004CB	342	0	0	0	0	354				
8004CC	0	0	0	0	0	0				
8004CD	0	0	0	0	0	0				
8004CE	0	0	0	0	0	0				
8004CF	507	0	0	0	0	495
8004D0	0	0	0	0	0	0				
8004D1	0	0	0	0	0	0				
8004D2	0	0	0	0	0	0				
8004D3	346	0	0	0	0	358				
8004D4	0	0	0	0	0	0				
8004D5	0	0	0	0	0	0				
8004D6	0	0	0	0	0	0				
8004D7	508	0	0	0	0	496
8004D8	0	0	0	0	0	0				
8004D9	0	0	0	0	0	0				
8004DA	0	0	0	0	0	0				
8004DB	350	0	0	0	0	362				
8004DC	0	0	0	0	0	0				
8004DD	0	0	0	0	0	0				
8004DE	0	0	0	0	0	0				
8004DF	509	0	0	0	0	497
8004E0	0	0	0	0	0	0				
8004E1	0	0	0	0	0	0				
8004E2	0	0	0	0	0	0				
8004E3	0	0	0	0	0	0				
8004E4	0	0	0	0	0	0				
8004E5	0	0	0	0	0	0				
8004E6	0	0	0	0	0	0				
8004E7	0	0	0	0	0	0				
8004E8	0	0	0	0	0	0				
8004E9	0	0	0	0	0	0				
8004EA	0	0	0	0	0	0				
8004EB	0	0	0	0	0	0				
8004EC	0	0	0	0	0	0				
8004ED	0	0	0	0	0	0				
8004EE	0	0	0	0	0	0				
8004EF	0	0	0	0	0	0				
8004F0	0	0	0	0	0	0				
8004F1	0	0	0	0	0	0				
8004F2	0	0	0	0	0	0				
8004F3	0	0	0	0	0	0				
8004F4	0	0	0	0	0	0				
8004F5	0	0	0	0	0	0				
8004F6	0	0	0	0	0	0				
8004F7	0	0	0	0	0	0				
8004F8	0	0	0	0	0	0				
8004F9	0	0	0	0	0	0				
8004FA	0	0	0	0	0	0				
8004FB	0	0	0	0	0	0				
4004FE	612	0	0	0	0	612			
400400	0	0	0	0	0	0				
400401	584	0	0	0	0	584				
400402	613	0	0	0	0	613				
400403	0	0	0	0	0	0				
400404	0	0	0	0	0	0				
400405	609	0	0	0	0	609				
400406	0	0	0	0	0	0				
400407	0	0	0	0	0	0				
400408	0	0	0	0	0	0				
400409	0	0	0	0	0	0				
40040A	0	0	0	0	0	0				
40040B	0	0	0	0	0	0				
40040C	0	0	0	0	0	0				
40040D	540	0	0	0	0	0				
40040E	552	0	0	0	0	0				
40040F	557	0	0	0	0	0				
400410	0	0	0	0	0	0				
400411	0	0	0	0	0	0				
400412	0	0	0	0	0	0				
400413	0	0	0	0	0	0				
400414	0	0	0	0	0	0				
400415	0	0	0	0	0	0				
400416	0	0	0	0	0	0				
400417	0	0	0	0	0	0				
400418	0	0	0	0	0	0				
400419	0	0	0	0	0	0				
40041A	0	0	0	0	0	0				
40041B	0	0	0	0	0	0				
40041C	0	0	0	0	0	0				
40041D	0	0	0	0	0	0				
40041E	0	0	0	0	0	0				
40041F	0	0	0	0	0	0				
400420	0	0	0	0	0	0				
400421	0	0	0	0	0	0				
400422	0	0	0	0	0	0				
400423	0	0	0	0	0	0				
400424	0	0	0	0	0	0				
400425	0	0	0	0	0	0				
400426	0	0	0	0	0	0				
400427	0	0	0	0	0	0				
400428	0	0	0	0	0	0				
400429	0	0	0	0	0	0				
40042A	0	0	0	0	0	0				
40042B	0	0	0	0	0	0				
40042C	0	0	0	0	0	0				
40042D	0	0	0	0	0	0				
40042E	0	0	0	0	0	0				
40042F	0	0	0	0	0	0				
400430	0	0	0	0	0	0				
400431	0	0	0	0	0	0				
400432	0	0	0	0	0	0				
400433	0	0	0	0	0	0				
400434	0	0	0	0	0	0				
400435	0	0	0	0	0	0				
400436	0	0	0	0	0	0				
400437	0	0	0	0	0	0				
400438	0	0	0	0	0	0				
400439	0	0	0	0	0	0				
40043A	0	0	0	0	0	0				
40043B	0	0	0	0	0	0				
40043C	0	0	0	0	0	0				
40043D	0	0	0	0	0	0				
40043E	0	0	0	0	0	0				
40043F	0	0	0	0	0	0				
400440	0	0	0	0	0	0				
400441	0	0	0	0	0	0				
400442	0	0	0	0	0	0				
400443	0	0	0	0	0	0				
400444	0	0	0	0	0	0				
400445	0	0	0	0	0	0				
400446	0	0	0	0	0	0				
400447	0	0	0	0	0	0				
400448	0	0	0	0	0	0				
400449	0	0	0	0	0	0				
40044A	0	0	0	0	0	0				
40044B	0	0	0	0	0	0				
40044C	0	0	0	0	0	0				
40044D	0	0	0	0	0	0				
40044E	0	0	0	0	0	0				
40044F	0	0	0	0	0	0				
400450	0	0	0	0	0	0				
400451	0	0	0	0	0	0				
400452	0	0	0	0	0	0				
400453	0	0	0	0	0	0				
400454	0	0	0	0	0	0				
400455	0	0	0	0	0	0				
400456	0	0	0	0	0	0				
400457	0	0	0	0	0	0				
400458	0	0	0	0	0	0				
400459	0	0	0	0	0	0				
40045A	0	0	0	0	0	0				
40045B	0	0	0	0	0	0				
40045C	0	0	0	0	0	0				
40045D	0	0	0	0	0	0				
40045E	0	0	0	0	0	0				
40045F	0	0	0	0	0	0				
400460	0	0	0	0	0	0				
400461	0	0	0	0	0	0				
400462	0	0	0	0	0	0				
400463	0	0	0	0	0	0				
400464	0	0	0	0	0	0				
400465	0	0	0	0	0	0				
400466	0	0	0	0	0	0				
400467	0	0	0	0	0	0				
400468	0	0	0	0	0	0				
400469	0	0	0	0	0	0				
40046A	0	0	0	0	0	0				
40046B	0	0	0	0	0	0				
40046C	0	0	0	0	0	0				
40046D	0	0	0	0	0	0				
40046E	0	0	0	0	0	0				
40046F	0	0	0	0	0	0				
400470	0	0	0	0	0	0				
400471	0	0	0	0	0	0				
400472	0	0	0	0	0	0				
400473	0	0	0	0	0	0				
400474	0	0	0	0	0	0				
400475	0	0	0	0	0	0				
400476	0	0	0	0	0	0				
400477	0	0	0	0	0	0				
400478	0	0	0	0	0	0				
400479	0	0	0	0	0	0				
40047A	0	0	0	0	0	0				
40047B	0	0	0	0	0	0				
40047C	0	0	0	0	0	0				
40047D	0	0	0	0	0	0				
40047E	0	0	0	0	0	0				
40047F	0	0	0	0	0	0				
400480	0	0	0	0	0	0				
400481	0	0	0	0	0	0				
400482	0	0	0	0	0	0				
400483	0	0	0	0	0	0				
400484	0	0	0	0	0	0				
400485	0	0	0	0	0	0				
400486	0	0	0	0	0	0				
400487	0	0	0	0	0	0				
400488	0	0	0	0	0	0				
400489	0	0	0	0	0	0				
40048A	0	0	0	0	0	0				
40048B	0	0	0	0	0	0				
40048C	0	0	0	0	0	0				
40048D	0	0	0	0	0	0				
40048E	0	0	0	0	0	0				
40048F	0	0	0	0	0	0				
400490	0	0	0	0	0	0				
400491	0	0	0	0	0	0				
400492	0	0	0	0	0	0				
400493	0	0	0	0	0	0				
400494	0	0	0	0	0	0				
400495	0	0	0	0	0	0				
400496	0	0	0	0	0	0				
400497	0	0	0	0	0	0				
400498	0	0	0	0	0	0				
400499	0	0	0	0	0	0				
40049A	0	0	0	0	0	0				
40049B	0	0	0	0	0	0				
40049C	0	0	0	0	0	0				
40049D	0	0	0	0	0	0				
40049E	0	0	0	0	0	0				
40049F	0	0	0	0	0	0				
4004A0	0	0	0	0	0	0				
4004A1	0	0	0	0	0	0				
4004A2	0	0	0	0	0	0				
4004A3	0	0	0	0	0	0				
4004A4	0	0	0	0	0	0				
4004A5	0	0	0	0	0	0				
4004A6	0	0	0	0	0	0				
4004A7	0	0	0	0	0	0				
4004A8	0	0	0	0	0	0				
4004A9	0	0	0	0	0	0				
4004AA	0	0	0	0	0	0				
4004AB	0	0	0	0	0	0				
4004AC	0	0	0	0	0	0				
4004AD	0	0	0	0	0	0				
4004AE	0	0	0	0	0	0				
4004AF	0	0	0	0	0	0				
4004B0	0	0	0	0	0	0				
4004B1	0	0	0	0	0	0				
4004B2	374	0	0	0	0	369				
4004B3	0	0	0	0	0	0				
4004B4	0	0	0	0	0	0				
4004B5	0	0	0	0	0	0				
4004B6	0	0	0	0	0	0				
4004B7	0	0	0	0	0	0				
4004B8	0	0	0	0	0	0				
4004B9	0	0	0	0	0	0				
4004BA	0	0	0	0	0	0				
4004BB	0	0	0	0	0	0				
4004BC	0	0	0	0	0	0				
4004BD	0	0	0	0	0	0				
4004BE	0	0	0	0	0	0				
4004BF	0	0	0	0	0	0				
4004C0	0	0	0	0	0	0				
4004C1	0	0	0	0	0	0				
4004C2	0	0	0	0	0	0				
4004C3	0	0	0	0	0	0				
4004C4	0	0	0	0	0	0				
4004C5	0	0	0	0	0	0				
4004C6	0	0	0	0	0	0				
4004C7	0	0	0	0	0	0				
4004C8	0	0	0	0	0	0				
4004C9	0	0	0	0	0	0				
4004CA	0	0	0	0	0	0				
4004CB	0	0	0	0	0	0				
4004CC	0	0	0	0	0	0				
4004CD	0	0	0	0	0	0				
4004CE	0	0	0	0	0	0				
4004CF	0	0	0	0	0	0				
4004D0	0	0	0	0	0	0				
4004D1	0	0	0	0	0	0				
4004D2	0	0	0	0	0	0				
4004D3	0	0	0	0	0	0				
4004D4	0	0	0	0	0	0				
4004D5	0	0	0	0	0	0				
4004D6	0	0	0	0	0	0				
4004D7	0	0	0	0	0	0				
4004D8	0	0	0	0	0	0				
4004D9	0	0	0	0	0	0				
4004DA	0	0	0	0	0	0				
4004DB	0	0	0	0	0	0				
4004DC	0	0	0	0	0	0				
4004DD	0	0	0	0	0	0				
4004DE	0	0	0	0	0	0				
4004DF	0	0	0	0	0	0				
4004E0	0	0	0	0	0	0				
4004E1	0	0	0	0	0	0				
4004E2	0	0	0	0	0	0				
4004E3	297	0	0	0	0	0				
4004E4	0	0	0	0	0	0				
4004E5	0	0	0	0	0	0				
4004E6	0	0	0	0	0	0				
4004E7	0	0	0	0	0	0				
4004E8	0	0	0	0	0	0				
4004E9	0	0	0	0	0	0				
4004EA	0	0	0	0	0	0				
4004EB	302	0	0	0	0	0				
4004EC	0	0	0	0	0	0				
4004ED	0	0	0	0	0	0				
4004EE	0	0	0	0	0	0				
4004EF	453	0	0	0	0	0				
4004F0	0	0	0	0	0	0				
4004F1	0	0	0	0	0	0				
4004F2	0	0	0	0	0	0				
4004F3	307	0	0	0	0	0				
4004F4	0	0	0	0	0	0				
4004F5	0	0	0	0	0	0				
4004F6	0	0	0	0	0	0				
4004F7	454	0	0	0	0	0				
4004F8	0	0	0	0	0	0				
4004F9	455	0	0	0	0	0				
4004FA	0	0	0	0	0	0				
4004FB	0	0	0	0	0	0				
7005FC	612	0	0	0	0	612			
700500	0	0	0	0	0	0				
700501	584	0	0	0	0	584				
700502	613	0	0	0	0	613				
700503	0	0	0	0	0	0				
700504	0	0	0	0	0	0				
700505	609	0	0	0	0	609				
700506	0	0	0	0	0	0				
700507	0	0	0	0	0	0				
700508	0	0	0	0	0	0				
700509	0	0	0	0	0	0				
70050A	0	0	0	0	0	0				
70050B	0	0	0	0	0	0				
70050C	0	0	0	0	0	0				
70050D	573	0	0	0	0	547				
70050E	578	0	0	0	0	563				
70050F	583	0	0	0	0	568				
700510	0	0	0	0	0	0				
700511	0	0	0	0	0	0				
700512	0	0	0	0	0	0				
700513	0	0	0	0	0	0				
700514	0	0	0	0	0	0				
700515	0	0	0	0	0	0				
700516	0	0	0	0	0	0				
700517	0	0	0	0	0	0				
700518	0	0	0	0	0	0				
700519	0	0	0	0	0	0				
70051A	0	0	0	0	0	0				
70051B	0	0	0	0	0	0				
70051C	0	0	0	0	0	0				
70051D	0	0	0	0	0	0				
70051E	0	0	0	0	0	0				
70051F	0	0	0	0	0	0				
700520	0	0	0	0	0	0				
700521	0	0	0	0	0	0				
700522	0	0	0	0	0	0				
700523	0	0	0	0	0	0				
700524	0	0	0	0	0	0				
700525	0	0	0	0	0	0				
700526	0	0	0	0	0	0				
700527	0	0	0	0	0	0				
700528	0	0	0	0	0	0				
700529	0	0	0	0	0	0				
70052A	0	0	0	0	0	0				
70052B	0	0	0	0	0	0				
70052C	0	0	0	0	0	0				
70052D	0	0	0	0	0	0				
70052E	0	0	0	0	0	0				
70052F	0	0	0	0	0	0				
700530	0	0	0	0	0	0				
700531	0	0	0	0	0	0				
700532	0	0	0	0	0	0				
700533	0	0	0	0	0	0				
700534	0	0	0	0	0	0				
700535	0	0	0	0	0	0				
700536	0	0	0	0	0	0				
700537	0	0	0	0	0	0				
700538	0	0	0	0	0	0				
700539	0	0	0	0	0	0				
70053A	0	0	0	0	0	0				
70053B	0	0	0	0	0	0				
70053C	0	0	0	0	0	0				
70053D	0	0	0	0	0	0				
70053E	0	0	0	0	0	0				
70053F	0	0	0	0	0	0				
700540	0	0	0	0	0	0				
700541	0	0	0	0	0	0				
700542	0	0	0	0	0	0				
700543	0	0	0	0	0	0				
700544	0	0	0	0	0	0				
700545	0	0	0	0	0	0				
700546	0	0	0	0	0	0				
700547	0	0	0	0	0	0				
700548	0	0	0	0	0	0				
700549	0	0	0	0	0	0				
70054A	0	0	0	0	0	0				
70054B	0	0	0	0	0	0				
70054C	0	0	0	0	0	0				
70054D	0	0	0	0	0	0				
70054E	0	0	0	0	0	0				
70054F	0	0	0	0	0	0				
700550	0	0	0	0	0	0				
700551	0	0	0	0	0	0				
700552	0	0	0	0	0	0				
700553	0	0	0	0	0	0				
700554	0	0	0	0	0	0				
700555	0	0	0	0	0	0				
700556	0	0	0	0	0	0				
700557	0	0	0	0	0	0				
700558	0	0	0	0	0	0				
700559	0	0	0	0	0	0				
70055A	0	0	0	0	0	0				
70055B	0	0	0	0	0	0				
70055C	0	0	0	0	0	0				
70055D	0	0	0	0	0	0				
70055E	0	0	0	0	0	0				
70055F	0	0	0	0	0	0				
700560	0	0	0	0	0	0				
700561	0	0	0	0	0	0				
700562	0	0	0	0	0	0				
700563	0	0	0	0	0	0				
700564	0	0	0	0	0	0				
700565	0	0	0	0	0	0				
700566	0	0	0	0	0	0				
700567	0	0	0	0	0	0				
700568	0	0	0	0	0	0				
700569	0	0	0	0	0	0				
70056A	0	0	0	0	0	0				
70056B	0	0	0	0	0	0				
70056C	0	0	0	0	0	0				
70056D	0	0	0	0	0	0				
70056E	0	0	0	0	0	0				
70056F	0	0	0	0	0	0				
700570	0	0	0	0	0	0				
700571	0	0	0	0	0	0				
700572	0	0	0	0	0	0				
700573	0	0	0	0	0	0				
700574	0	0	0	0	0	0				
700575	0	0	0	0	0	0				
700576	0	0	0	0	0	0				
700577	0	0	0	0	0	0				
700578	0	0	0	0	0	0				
700579	0	0	0	0	0	0				
70057A	0	0	0	0	0	0				
70057B	0	0	0	0	0	0				
70057C	0	0	0	0	0	0				
70057D	0	0	0	0	0	0				
70057E	0	0	0	0	0	0				
70057F	0	0	0	0	0	0				
700580	0	0	0	0	0	0				
700581	0	0	0	0	0	0				
700582	0	0	0	0	0	0				
700583	0	0	0	0	0	0				
700584	0	0	0	0	0	0				
700585	0	0	0	0	0	0				
700586	0	0	0	0	0	0				
700587	0	0	0	0	0	0				
700588	0	0	0	0	0	0				
700589	0	0	0	0	0	0				
70058A	0	0	0	0	0	0				
70058B	0	0	0	0	0	0				
70058C	0	0	0	0	0	0				
70058D	0	0	0	0	0	0				
70058E	0	0	0	0	0	0				
70058F	0	0	0	0	0	0				
700590	0	0	0	0	0	0				
700591	0	0	0	0	0	0				
700592	0	0	0	0	0	0				
700593	0	0	0	0	0	0				
700594	0	0	0	0	0	0				
700595	0	0	0	0	0	0				
700596	0	0	0	0	0	0				
700597	0	0	0	0	0	0				
700598	0	0	0	0	0	0				
700599	0	0	0	0	0	0				
70059A	0	0	0	0	0	0				
70059B	0	0	0	0	0	0				
70059C	0	0	0	0	0	0				
70059D	0	0	0	0	0	0				
70059E	0	0	0	0	0	0				
70059F	0	0	0	0	0	0				
7005A0	0	0	0	0	0	0				
7005A1	0	0	0	0	0	0				
7005A2	0	0	0	0	0	0				
7005A3	0	0	0	0	0	0				
7005A4	0	0	0	0	0	0				
7005A5	0	0	0	0	0	0				
7005A6	0	0	0	0	0	0				
7005A7	0	0	0	0	0	0				
7005A8	0	0	0	0	0	0				
7005A9	0	0	0	0	0	0				
7005AA	0	0	0	0	0	0				
7005AB	0	0	0	0	0	0				
7005AC	0	0	0	0	0	0				
7005AD	0	0	0	0	0	0				
7005AE	381	0	0	0	0	376				
7005AF	0	0	0	0	0	0				
7005B0	0	0	0	0	0	0				
7005B1	0	0	0	0	0	0				
7005B2	0	0	0	0	0	0				
7005B3	315	0	0	0	0	330				
7005B4	0	0	0	0	0	0				
7005B5	0	0	0	0	0	0				
7005B6	0	0	0	0	0	0				
7005B7	489	0	0	0	0	474
7005B8	0	0	0	0	0	0				
7005B9	0	0	0	0	0	0				
7005BA	0	0	0	0	0	0				
7005BB	320	0	0	0	0	335				
7005BC	0	0	0	0	0	0				
7005BD	0	0	0	0	0	0				
7005BE	0	0	0	0	0	0				
7005BF	490	0	0	0	0	475
7005C0	0	0	0	0	0	0				
7005C1	0	0	0	0	0	0				
7005C2	0	0	0	0	0	0				
7005C3	325	0	0	0	0	340				
7005C4	0	0	0	0	0	0				
7005C5	0	0	0	0	0	0				
7005C6	0	0	0	0	0	0				
7005C7	491	0	0	0	0	476
7005C8	0	0	0	0	0	0				
7005C9	0	0	0	0	0	0				
7005CA	0	0	0	0	0	0				
7005CB	0	0	0	0	0	0				
7005CC	0	0	0	0	0	0				
7005CD	0	0	0	0	0	0				
7005CE	0	0	0	0	0	0				
7005CF	0	0	0	0	0	0				
7005D0	0	0	0	0	0	0				
7005D1	0	0	0	0	0	0				
7005D2	0	0	0	0	0	0				
7005D3	0	0	0	0	0	0				
7005D4	0	0	0	0	0	0				
7005D5	0	0	0	0	0	0				
7005D6	0	0	0	0	0	0				
7005D7	0	0	0	0	0	0				
7005D8	0	0	0	0	0	0				
7005D9	0	0	0	0	0	0				
7005DA	0	0	0	0	0	0				
7005DB	0	0	0	0	0	0				
7005DC	0	0	0	0	0	0				
7005DD	0	0	0	0	0	0				
7005DE	0	0	0	0	0	0				
7005DF	0	0	0	0	0	0				
7005E0	0	0	0	0	0	0				
7005E1	0	0	0	0	0	0				
7005E2	0	0	0	0	0	0				
7005E3	0	0	0	0	0	0				
7005E4	0	0	0	0	0	0				
7005E5	0	0	0	0	0	0				
7005E6	0	0	0	0	0	0				
7005E7	0	0	0	0	0	0				
7005E8	0	0	0	0	0	0				
7005E9	0	0	0	0	0	0				
7005EA	0	0	0	0	0	0				
7005EB	0	0	0	0	0	0				
7005EC	0	0	0	0	0	0				
7005ED	0	0	0	0	0	0				
7005EE	0	0	0	0	0	0				
7005EF	0	0	0	0	0	0				
7005F0	0	0	0	0	0	0				
7005F1	0	0	0	0	0	0				
7005F2	0	0	0	0	0	0				
7005F3	0	0	0	0	0	0				
7005F4	0	0	0	0	0	0				
7005F5	0	0	0	0	0	0				
7005F6	0	0	0	0	0	0				
7005F7	0	0	0	0	0	0				
7005F8	0	0	0	0	0	0				
7005F9	0	0	0	0	0	0				
7005FA	0	0	0	0	0	0				
7005FB	0	0	0	0	0	0				
8005FD	612	0	0	0	0	612			
800500	0	0	0	0	0	0				
800501	584	0	0	0	0	584				
800502	613	0	0	0	0	613				
800503	0	0	0	0	0	0				
800504	0	0	0	0	0	0				
800505	609	0	0	0	0	609				
800506	0	0	0	0	0	0				
800507	0	0	0	0	0	0				
800508	0	0	0	0	0	0				
800509	0	0	0	0	0	0				
80050A	0	0	0	0	0	0				
80050B	0	0	0	0	0	0				
80050C	0	0	0	0	0	0				
80050D	600	0	0	0	0	588				
80050E	604	0	0	0	0	592				
80050F	608	0	0	0	0	596				
800510	0	0	0	0	0	0				
800511	0	0	0	0	0	0				
800512	0	0	0	0	0	0				
800513	0	0	0	0	0	0				
800514	0	0	0	0	0	0				
800515	0	0	0	0	0	0				
800516	0	0	0	0	0	0				
800517	0	0	0	0	0	0				
800518	0	0	0	0	0	0				
800519	0	0	0	0	0	0				
80051A	0	0	0	0	0	0				
80051B	0	0	0	0	0	0				
80051C	0	0	0	0	0	0				
80051D	0	0	0	0	0	0				
80051E	0	0	0	0	0	0				
80051F	0	0	0	0	0	0				
800520	0	0	0	0	0	0				
800521	0	0	0	0	0	0				
800522	0	0	0	0	0	0				
800523	0	0	0	0	0	0				
800524	0	0	0	0	0	0				
800525	0	0	0	0	0	0				
800526	0	0	0	0	0	0				
800527	0	0	0	0	0	0				
800528	0	0	0	0	0	0				
800529	0	0	0	0	0	0				
80052A	0	0	0	0	0	0				
80052B	0	0	0	0	0	0				
80052C	0	0	0	0	0	0				
80052D	0	0	0	0	0	0				
80052E	0	0	0	0	0	0				
80052F	0	0	0	0	0	0				
800530	0	0	0	0	0	0				
800531	0	0	0	0	0	0				
800532	0	0	0	0	0	0				
800533	0	0	0	0	0	0				
800534	0	0	0	0	0	0				
800535	0	0	0	0	0	0				
800536	0	0	0	0	0	0				
800537	0	0	0	0	0	0				
800538	0	0	0	0	0	0				
800539	0	0	0	0	0	0				
80053A	0	0	0	0	0	0				
80053B	0	0	0	0	0	0				
80053C	0	0	0	0	0	0				
80053D	0	0	0	0	0	0				
80053E	0	0	0	0	0	0				
80053F	0	0	0	0	0	0				
800540	0	0	0	0	0	0				
800541	0	0	0	0	0	0				
800542	0	0	0	0	0	0				
800543	0	0	0	0	0	0				
800544	0	0	0	0	0	0				
800545	0	0	0	0	0	0				
800546	0	0	0	0	0	0				
800547	0	0	0	0	0	0				
800548	0	0	0	0	0	0				
800549	0	0	0	0	0	0				
80054A	0	0	0	0	0	0				
80054B	0	0	0	0	0	0				
80054C	0	0	0	0	0	0				
80054D	0	0	0	0	0	0				
80054E	0	0	0	0	0	0				
80054F	0	0	0	0	0	0				
800550	0	0	0	0	0	0				
800551	0	0	0	0	0	0				
800552	0	0	0	0	0	0				
800553	0	0	0	0	0	0				
800554	0	0	0	0	0	0				
800555	0	0	0	0	0	0				
800556	0	0	0	0	0	0				
800557	0	0	0	0	0	0				
800558	0	0	0	0	0	0				
800559	0	0	0	0	0	0				
80055A	0	0	0	0	0	0				
80055B	0	0	0	0	0	0				
80055C	0	0	0	0	0	0				
80055D	0	0	0	0	0	0				
80055E	0	0	0	0	0	0				
80055F	0	0	0	0	0	0				
800560	0	0	0	0	0	0				
800561	0	0	0	0	0	0				
800562	0	0	0	0	0	0				
800563	0	0	0	0	0	0				
800564	0	0	0	0	0	0				
800565	0	0	0	0	0	0				
800566	0	0	0	0	0	0				
800567	0	0	0	0	0	0				
800568	0	0	0	0	0	0				
800569	0	0	0	0	0	0				
80056A	0	0	0	0	0	0				
80056B	0	0	0	0	0	0				
80056C	0	0	0	0	0	0				
80056D	0	0	0	0	0	0				
80056E	0	0	0	0	0	0				
80056F	0	0	0	0	0	0				
800570	0	0	0	0	0	0				
800571	0	0	0	0	0	0				
800572	0	0	0	0	0	0				
800573	0	0	0	0	0	0				
800574	0	0	0	0	0	0				
800575	0	0	0	0	0	0				
800576	0	0	0	0	0	0				
800577	0	0	0	0	0	0				
800578	0	0	0	0	0	0				
800579	0	0	0	0	0	0				
80057A	0	0	0	0	0	0				
80057B	0	0	0	0	0	0				
80057C	0	0	0	0	0	0				
80057D	0	0	0	0	0	0				
80057E	0	0	0	0	0	0				
80057F	0	0	0	0	0	0				
800580	0	0	0	0	0	0				
800581	0	0	0	0	0	0				
800582	0	0	0	0	0	0				
800583	0	0	0	0	0	0				
800584	0	0	0	0	0	0				
800585	0	0	0	0	0	0				
800586	0	0	0	0	0	0				
800587	0	0	0	0	0	0				
800588	0	0	0	0	0	0				
800589	0	0	0	0	0	0				
80058A	0	0	0	0	0	0				
80058B	0	0	0	0	0	0				
80058C	0	0	0	0	0	0				
80058D	0	0	0	0	0	0				
80058E	0	0	0	0	0	0				
80058F	0	0	0	0	0	0				
800590	0	0	0	0	0	0				
800591	0	0	0	0	0	0				
800592	0	0	0	0	0	0				
800593	0	0	0	0	0	0				
800594	0	0	0	0	0	0				
800595	0	0	0	0	0	0				
800596	0	0	0	0	0	0				
800597	0	0	0	0	0	0				
800598	0	0	0	0	0	0				
800599	0	0	0	0	0	0				
80059A	0	0	0	0	0	0				
80059B	0	0	0	0	0	0				
80059C	0	0	0	0	0	0				
80059D	0	0	0	0	0	0				
80059E	0	0	0	0	0	0				
80059F	0	0	0	0	0	0				
8005A0	0	0	0	0	0	0				
8005A1	0	0	0	0	0	0				
8005A2	0	0	0	0	0	0				
8005A3	0	0	0	0	0	0				
8005A4	0	0	0	0	0	0				
8005A5	0	0	0	0	0	0				
8005A6	0	0	0	0	0	0				
8005A7	0	0	0	0	0	0				
8005A8	0	0	0	0	0	0				
8005A9	0	0	0	0	0	0				
8005AA	0	0	0	0	0	0				
8005AB	0	0	0	0	0	0				
8005AC	0	0	0	0	0	0				
8005AD	0	0	0	0	0	0				
8005AE	0	0	0	0	0	0				
8005AF	391	0	0	0	0	386				
8005B0	0	0	0	0	0	0				
8005B1	0	0	0	0	0	0				
8005B2	0	0	0	0	0	0				
8005B3	0	0	0	0	0	0				
8005B4	0	0	0	0	0	0				
8005B5	0	0	0	0	0	0				
8005B6	0	0	0	0	0	0				
8005B7	0	0	0	0	0	0				
8005B8	0	0	0	0	0	0				
8005B9	0	0	0	0	0	0				
8005BA	0	0	0	0	0	0				
8005BB	0	0	0	0	0	0				
8005BC	0	0	0	0	0	0				
8005BD	0	0	0	0	0	0				
8005BE	0	0	0	0	0	0				
8005BF	0	0	0	0	0	0				
8005C0	0	0	0	0	0	0				
8005C1	0	0	0	0	0	0				
8005C2	0	0	0	0	0	0				
8005C3	0	0	0	0	0	0				
8005C4	0	0	0	0	0	0				
8005C5	0	0	0	0	0	0				
8005C6	0	0	0	0	0	0				
8005C7	0	0	0	0	0	0				
8005C8	0	0	0	0	0	0				
8005C9	0	0	0	0	0	0				
8005CA	0	0	0	0	0	0				
8005CB	344	0	0	0	0	356				
8005CC	0	0	0	0	0	0				
8005CD	0	0	0	0	0	0				
8005CE	0	0	0	0	0	0				
8005CF	513	0	0	0	0	501
8005D0	0	0	0	0	0	0				
8005D1	0	0	0	0	0	0				
8005D2	0	0	0	0	0	0				
8005D3	348	0	0	0	0	360				
8005D4	0	0	0	0	0	0				
8005D5	0	0	0	0	0	0				
8005D6	0	0	0	0	0	0				
8005D7	514	0	0	0	0	502
8005D8	0	0	0	0	0	0				
8005D9	0	0	0	0	0	0				
8005DA	0	0	0	0	0	0				
8005DB	352	0	0	0	0	364				
8005DC	0	0	0	0	0	0				
8005DD	0	0	0	0	0	0				
8005DE	0	0	0	0	0	0				
8005DF	515	0	0	0	0	503
8005E0	0	0	0	0	0	0				
8005E1	0	0	0	0	0	0				
8005E2	0	0	0	0	0	0				
8005E3	0	0	0	0	0	0				
8005E4	0	0	0	0	0	0				
8005E5	0	0	0	0	0	0				
8005E6	0	0	0	0	0	0				
8005E7	0	0	0	0	0	0				
8005E8	0	0	0	0	0	0				
8005E9	0	0	0	0	0	0				
8005EA	0	0	0	0	0	0				
8005EB	0	0	0	0	0	0				
8005EC	0	0	0	0	0	0				
8005ED	0	0	0	0	0	0				
8005EE	0	0	0	0	0	0				
8005EF	0	0	0	0	0	0				
8005F0	0	0	0	0	0	0				
8005F1	0	0	0	0	0	0				
8005F2	0	0	0	0	0	0				
8005F3	0	0	0	0	0	0				
8005F4	0	0	0	0	0	0				
8005F5	0	0	0	0	0	0				
8005F6	0	0	0	0	0	0				
8005F7	0	0	0	0	0	0				
8005F8	0	0	0	0	0	0				
8005F9	0	0	0	0	0	0				
8005FA	0	0	0	0	0	0				
8005FB	0	0	0	0	0	0				
4005FE	612	0	0	0	0	612			
400500	0	0	0	0	0	0				
400501	584	0	0	0	0	584				
400502	613	0	0	0	0	613				
400503	0	0	0	0	0	0				
400504	0	0	0	0	0	0				
400505	609	0	0	0	0	609				
400506	0	0	0	0	0	0				
400507	0	0	0	0	0	0				
400508	0	0	0	0	0	0				
400509	0	0	0	0	0	0				
40050A	0	0	0	0	0	0				
40050B	0	0	0	0	0	0				
40050C	0	0	0	0	0	0				
40050D	541	0	0	0	0	0				
40050E	553	0	0	0	0	0				
40050F	558	0	0	0	0	0				
400510	0	0	0	0	0	0				
400511	0	0	0	0	0	0				
400512	0	0	0	0	0	0				
400513	0	0	0	0	0	0				
400514	0	0	0	0	0	0				
400515	0	0	0	0	0	0				
400516	0	0	0	0	0	0				
400517	0	0	0	0	0	0				
400518	0	0	0	0	0	0				
400519	0	0	0	0	0	0				
40051A	0	0	0	0	0	0				
40051B	0	0	0	0	0	0				
40051C	0	0	0	0	0	0				
40051D	0	0	0	0	0	0				
40051E	0	0	0	0	0	0				
40051F	0	0	0	0	0	0				
400520	0	0	0	0	0	0				
400521	0	0	0	0	0	0				
400522	0	0	0	0	0	0				
400523	0	0	0	0	0	0				
400524	0	0	0	0	0	0				
400525	0	0	0	0	0	0				
400526	0	0	0	0	0	0				
400527	0	0	0	0	0	0				
400528	0	0	0	0	0	0				
400529	0	0	0	0	0	0				
40052A	0	0	0	0	0	0				
40052B	0	0	0	0	0	0				
40052C	0	0	0	0	0	0				
40052D	0	0	0	0	0	0				
40052E	0	0	0	0	0	0				
40052F	0	0	0	0	0	0				
400530	0	0	0	0	0	0				
400531	0	0	0	0	0	0				
400532	0	0	0	0	0	0				
400533	0	0	0	0	0	0				
400534	0	0	0	0	0	0				
400535	0	0	0	0	0	0				
400536	0	0	0	0	0	0				
400537	0	0	0	0	0	0				
400538	0	0	0	0	0	0				
400539	0	0	0	0	0	0				
40053A	0	0	0	0	0	0				
40053B	0	0	0	0	0	0				
40053C	0	0	0	0	0	0				
40053D	0	0	0	0	0	0				
40053E	0	0	0	0	0	0				
40053F	0	0	0	0	0	0				
400540	0	0	0	0	0	0				
400541	0	0	0	0	0	0				
400542	0	0	0	0	0	0				
400543	0	0	0	0	0	0				
400544	0	0	0	0	0	0				
400545	0	0	0	0	0	0				
400546	0	0	0	0	0	0				
400547	0	0	0	0	0	0				
400548	0	0	0	0	0	0				
400549	0	0	0	0	0	0				
40054A	0	0	0	0	0	0				
40054B	0	0	0	0	0	0				
40054C	0	0	0	0	0	0				
40054D	0	0	0	0	0	0				
40054E	0	0	0	0	0	0				
40054F	0	0	0	0	0	0				
400550	0	0	0	0	0	0				
400551	0	0	0	0	0	0				
400552	0	0	0	0	0	0				
400553	0	0	0	0	0	0				
400554	0	0	0	0	0	0				
400555	0	0	0	0	0	0				
400556	0	0	0	0	0	0				
400557	0	0	0	0	0	0				
400558	0	0	0	0	0	0				
400559	0	0	0	0	0	0				
40055A	0	0	0	0	0	0				
40055B	0	0	0	0	0	0				
40055C	0	0	0	0	0	0				
40055D	0	0	0	0	0	0				
40055E	0	0	0	0	0	0				
40055F	0	0	0	0	0	0				
400560	0	0	0	0	0	0				
400561	0	0	0	0	0	0				
400562	0	0	0	0	0	0				
400563	0	0	0	0	0	0				
400564	0	0	0	0	0	0				
400565	0	0	0	0	0	0				
400566	0	0	0	0	0	0				
400567	0	0	0	0	0	0				
400568	0	0	0	0	0	0				
400569	0	0	0	0	0	0				
40056A	0	0	0	0	0	0				
40056B	0	0	0	0	0	0				
40056C	0	0	0	0	0	0				
40056D	0	0	0	0	0	0				
40056E	0	0	0	0	0	0				
40056F	0	0	0	0	0	0				
400570	0	0	0	0	0	0				
400571	0	0	0	0	0	0				
400572	0	0	0	0	0	0				
400573	0	0	0	0	0	0				
400574	0	0	0	0	0	0				
400575	0	0	0	0	0	0				
400576	0	0	0	0	0	0				
400577	0	0	0	0	0	0				
400578	0	0	0	0	0	0				
400579	0	0	0	0	0	0				
40057A	0	0	0	0	0	0				
40057B	0	0	0	0	0	0				
40057C	0	0	0	0	0	0				
40057D	0	0	0	0	0	0				
40057E	0	0	0	0	0	0				
40057F	0	0	0	0	0	0				
400580	0	0	0	0	0	0				
400581	0	0	0	0	0	0				
400582	0	0	0	0	0	0				
400583	0	0	0	0	0	0				
400584	0	0	0	0	0	0				
400585	0	0	0	0	0	0				
400586	0	0	0	0	0	0				
400587	0	0	0	0	0	0				
400588	0	0	0	0	0	0				
400589	0	0	0	0	0	0				
40058A	0	0	0	0	0	0				
40058B	0	0	0	0	0	0				
40058C	0	0	0	0	0	0				
40058D	0	0	0	0	0	0				
40058E	0	0	0	0	0	0				
40058F	0	0	0	0	0	0				
400590	0	0	0	0	0	0				
400591	0	0	0	0	0	0				
400592	0	0	0	0	0	0				
400593	0	0	0	0	0	0				
400594	0	0	0	0	0	0				
400595	0	0	0	0	0	0				
400596	0	0	0	0	0	0				
400597	0	0	0	0	0	0				
400598	0	0	0	0	0	0				
400599	0	0	0	0	0	0				
40059A	0	0	0	0	0	0				
40059B	0	0	0	0	0	0				
40059C	0	0	0	0	0	0				
40059D	0	0	0	0	0	0				
40059E	0	0	0	0	0	0				
40059F	0	0	0	0	0	0				
4005A0	0	0	0	0	0	0				
4005A1	0	0	0	0	0	0				
4005A2	0	0	0	0	0	0				
4005A3	0	0	0	0	0	0				
4005A4	0	0	0	0	0	0				
4005A5	0	0	0	0	0	0				
4005A6	0	0	0	0	0	0				
4005A7	0	0	0	0	0	0				
4005A8	0	0	0	0	0	0				
4005A9	0	0	0	0	0	0				
4005AA	0	0	0	0	0	0				
4005AB	0	0	0	0	0	0				
4005AC	0	0	0	0	0	0				
4005AD	0	0	0	0	0	0				
4005AE	0	0	0	0	0	0				
4005AF	0	0	0	0	0	0				
4005B0	0	0	0	0	0	0				
4005B1	0	0	0	0	0	0				
4005B2	371	0	0	0	0	366				
4005B3	0	0	0	0	0	0				
4005B4	0	0	0	0	0	0				
4005B5	0	0	0	0	0	0				
4005B6	0	0	0	0	0	0				
4005B7	0	0	0	0	0	0				
4005B8	0	0	0	0	0	0				
4005B9	0	0	0	0	0	0				
4005BA	0	0	0	0	0	0				
4005BB	0	0	0	0	0	0				
4005BC	0	0	0	0	0	0				
4005BD	0	0	0	0	0	0				
4005BE	0	0	0	0	0	0				
4005BF	0	0	0	0	0	0				
4005C0	0	0	0	0	0	0				
4005C1	0	0	0	0	0	0				
4005C2	0	0	0	0	0	0				
4005C3	0	0	0	0	0	0				
4005C4	0	0	0	0	0	0				
4005C5	0	0	0	0	0	0				
4005C6	0	0	0	0	0	0				
4005C7	0	0	0	0	0	0				
4005C8	0	0	0	0	0	0				
4005C9	0	0	0	0	0	0				
4005CA	0	0	0	0	0	0				
4005CB	0	0	0	0	0	0				
4005CC	0	0	0	0	0	0				
4005CD	0	0	0	0	0	0				
4005CE	0	0	0	0	0	0				
4005CF	0	0	0	0	0	0				
4005D0	0	0	0	0	0	0				
4005D1	0	0	0	0	0	0				
4005D2	0	0	0	0	0	0				
4005D3	0	0	0	0	0	0				
4005D4	0	0	0	0	0	0				
4005D5	0	0	0	0	0	0				
4005D6	0	0	0	0	0	0				
4005D7	0	0	0	0	0	0				
4005D8	0	0	0	0	0	0				
4005D9	0	0	0	0	0	0				
4005DA	0	0	0	0	0	0				
4005DB	0	0	0	0	0	0				
4005DC	0	0	0	0	0	0				
4005DD	0	0	0	0	0	0				
4005DE	0	0	0	0	0	0				
4005DF	0	0	0	0	0	0				
4005E0	0	0	0	0	0	0				
4005E1	0	0	0	0	0	0				
4005E2	0	0	0	0	0	0				
4005E3	300	0	0	0	0	0				
4005E4	0	0	0	0	0	0				
4005E5	0	0	0	0	0	0				
4005E6	0	0	0	0	0	0				
4005E7	0	0	0	0	0	0				
4005E8	0	0	0	0	0	0				
4005E9	0	0	0	0	0	0				
4005EA	0	0	0	0	0	0				
4005EB	305	0	0	0	0	0				
4005EC	0	0	0	0	0	0				
4005ED	0	0	0	0	0	0				
4005EE	0	0	0	0	0	0				
4005EF	459	0	0	0	0	0				
4005F0	0	0	0	0	0	0				
4005F1	0	0	0	0	0	0				
4005F2	0	0	0	0	0	0				
4005F3	310	0	0	0	0	0				
4005F4	0	0	0	0	0	0				
4005F5	0	0	0	0	0	0				
4005F6	0	0	0	0	0	0				
4005F7	460	0	0	0	0	0				
4005F8	0	0	0	0	0	0				
4005F9	461	0	0	0	0	0				
4005FA	0	0	0	0	0	0				
4005FB	0	0	0	0	0	0				
700600  260	0	0	0	0	263
800600	261	0	0	0	0	264
400600	262	0	0	0	0	0
A10366  265	0	0	0	0	0
A1016A  269	0	0	0	0	0
A1076E  273	0	0	0	0	0
A10B72  277	0	0	0	0	0
A10E76  281	0	0	0	0	0
A10F7A  285	0	0	0	0	0
A1167E  289	0	0	0	0	0
411782  290	0	0	0	0	0
A10886  291	0	0	0	0	0
910D87  292	0	0	0	0	0
41208B  296	0	0	0	0	0
412001  296	0	0	0	0	0
A10C02  396	0	0	0	0	0
4007A8  405	0	0	0	0	0
4007AC	405	0	0	0	0	405
9007A9  409	0	0	0	0	0
910D90  414	0	0	0	0	0
A10292	418	0	0	0	0	0
A10390	422	0	0	0	0	0
A10392	426	0	0	0	0	0
A10F90	430	0	0	0	0	0
A10F92	434	0	0	0	0	0
A10B90	438	0	0	0	0	0
A11692	442	0	0	0	0	0
A007AA	447	0	0	0	0	0
A007AB	448	0	0	0	0	0
A10575	520	0	0	0	0	0
A10A75	521	0	0	0	0	0
A10F75	522	0	0	0	0	0
A10E75	523	0	0	0	0	0
A10175	524	0	0	0	0	0
411475	525	0	0	0	0	0
910D75	526	0	0	0	0	0
A10975	527	0	0	0	0	0
A11975	528	0	0	0	0	0
A10375	529	0	0	0	0	0
A103C8	169	0	0	0	0	0
A10EC8	23	0	0	0	0	0
A10FC8  112	0	0	0	0	0
910DC8	127	0	0	0	0	0
A103C9	529	0	0	0	0	0
A10FC9	522	0	0	0	0	0
910DC9	526	0	0	0	0	0
700601	260	0	0	0	0	263
700602	260	0	0	0	0	263
700603	260	0	0	0	0	263
800601	261	0	0	0	0	264
800602	261	0	0	0	0	264
800603	261	0	0	0	0	264
400601	262	0	0	0	0	0
400602	262	0	0	0	0	0
400603	262	0	0	0	0	0

104000FF	902	0	0	0	0	0
104002FF	902	0	0	0	0	0
104003FF	902	0	0	0	0	0
104004FF	902	0	0	0	0	0
104005FF	902	0	0	0	0	0

107000FF	902	0	0	0	0	902
107002FF	902	0	0	0	0	902
107003FF	902	0	0	0	0	902
107004FF	902	0	0	0	0	902
107005FF	902	0	0	0	0	902

108000FF	902	0	0	0	0	902
108002FF	902	0	0	0	0	902
108003FF	902	0	0	0	0	902
108004FF	902	0	0	0	0	902
108005FF	902	0	0	0	0	902

4000FF	901	0	0	0	0	0
4002FF	901	0	0	0	0	0
4003FF	901	0	0	0	0	0
4004FF	901	0	0	0	0	0
4005FF	901	0	0	0	0	0

7000FF	901	0	0	0	0	901
7002FF	901	0	0	0	0	901
7003FF	901	0	0	0	0	901
7004FF	901	0	0	0	0	901
7005FF	901	0	0	0	0	901

8000FF	901	0	0	0	0	901
8002FF	901	0	0	0	0	901
8003FF	901	0	0	0	0	901
8004FF	901	0	0	0	0	901
8005FF	901	0	0	0	0	901