0	0	0 	0	0	0	0	0	0	0
1	1	42	42	42	43	43	43	44	44
2	2	45	45	45	46	46	46	47	47
3	3	3	3	3	3	3	3	3	3
4	4	4	4	4	4	4	4	4	4
5	5	5	5	5	5	5	5	5	5
6	6	6	6	6	6	6	6	6	6
7	7	48	48	48	49	49	49	50	50
8	8	8	8	8	8	8	8	8	8
9	9	9	9	9	9	9	9	9	9
10	10	10	10	10	10	10	10	10	10
11	11	11	11	11	11	11	11	11	11
12	12	12	12	12	12	12	12	12	12
13	13	54	54	54	55	55	55	56	56
14	14	14	14	14	14	14	14	14	14
15	15	15	15	15	15	15	15	15	15
16	16	16	16	16	16	16	16	16	16
17	17	17	17	17	17	17	17	17	17
18	18	18	18	18	18	18	18	18	18
19	19	19	19	19	19	19	19	19	19
20	20	20	20	20	20	20	20	20	20
21	21	51	51	51	52	52	52	53	53
22	22	57	57	57	58	59	59	59	59
23	23	60	60	60	61	61	61	62	62
24	24	25	25	25	26	27	27	27	27
25	0	0	0	0	0	0	0	0	0
26	0	0	0	0	0	0	0	0	0
27	0	0	0	0	0	0	0	0	0
28	28	28	28	28	28	28	28	28	28
29	0	0	0	0	0	0	0	0	0
30      30	30	30	30	30	30	30	30	30
31	31	31	31	31	31	31	31	31	31
32	32	32	32	32	32	32	32	32	32
33	33	33	33	33	33	33	33	33	33
34	34	34	34	34	34	34	34	34	34
35	35	35	35	35	35	35	35	35	35
36	0	0	0	0	0	0	0	0	0
37	0	0	0	0	0	0	0	0	0
38	0	0	0	0	0	0	0	0	0
39	0	0	0	0	0	0	0	0	0
40	0	0	0	0	0	0	0	0	0
41	41	41	41	41	41	41	41	41	41
42	0	0	0	0	0	0	0	0	0
43	0	0	0	0	0	0	0	0	0
44	0	0	0	0	0	0	0	0	0
45	0	0	0	0	0	0	0	0	0
46	0	0	0	0	0	0	0	0	0
47	0	0	0	0	0	0	0	0	0
48	0	0	0	0	0	0	0	0	0
49	0	0	0	0	0	0	0	0	0
50	0	0	0	0	0	0	0	0	0
51	0	0	0	0	0	0	0	0	0
52	0	0	0	0	0	0	0	0	0
53	0	0	0	0	0	0	0	0	0
54	0	0	0	0	0	0	0	0	0
55	0	0	0	0	0	0	0	0	0
56	0	0	0	0	0	0	0	0	0
57	0	0	0	0	0	0	0	0	0
58	0	0	0	0	0	0	0	0	0
59	0	0	0	0	0	0	0	0	0
60	0	0	0	0	0	0	0	0	0
61	0	0	0	0	0	0	0	0	0
62	0	0	0	0	0	0	0	0	0
63	0	0	0	0	0	0	0	0	0
64	0	0	0	0	0	0	0	0	0
65	0	0	0	0	0	0	0	0	0
66	66	67	67	67	68	69	69	69	69
67	0	0	0	0	0	0	0	0	0
68	0	0	0	0	0	0	0	0	0
69	0	0	0	0	0	0	0	0	0
70	70	71	71	71	72	73	73	73	73
71	0	0	0	0	0	0	0	0	0
72	0	0	0	0	0	0	0	0	0
73	0	0	0	0	0	0	0	0	0
74	74	75	75	75	76	77	77	77	77
75	0	0	0	0	0	0	0	0	0
76	0	0	0	0	0	0	0	0	0
77	0	0	0	0	0	0	0	0	0
78	78	79	79	79	80	80	80	81	81
79	0	0	0	0	0	0	0	0	0
80	0	0	0	0	0	0	0	0	0
81	0	0	0	0	0	0	0	0	0
82	82	83	83	83	84	84	84	85	85
83	0	0	0	0	0	0	0	0	0
84	0	0	0	0	0	0	0	0	0
85	0	0	0	0	0	0	0	0	0
86	86	87	87	87	88	88	88	89	89
87	0	0	0	0	0	0	0	0	0
88	0	0	0	0	0	0	0	0	0
89	0	0	0	0	0	0	0	0	0
90	90	91	91	91	92	92	92	93	93
91	0	0	0	0	0	0	0	0	0
92	0	0	0	0	0	0	0	0	0
93	0	0	0	0	0	0	0	0	0
94	94	95	95	95	96	96	96	97	97
95	0	0	0	0	0	0	0	0	0
96	0	0	0	0	0	0	0	0	0
97	0	0	0	0	0	0	0	0	0
98	98	99	99	99	100	100	100	101	101
99	0	0	0	0	0	0	0	0	0
100	0	0	0	0	0	0	0	0	0
101	0	0	0	0	0	0	0	0	0
102	102	103	103	103	104	104	104	105	105
103	0	0	0	0	0	0	0	0	0
104	0	0	0	0	0	0	0	0	0
105	0	0	0	0	0	0	0	0	0
106	106	107	107	107	108	108	108	109	109
107	0	0	0	0	0	0	0	0	0
108	0	0	0	0	0	0	0	0	0
109	0	0	0	0	0	0	0	0	0
110	110	110	110	110	110	110	110	110	110
111	111	111	111	111	111	111	111	111	111
112	112	113	113	113	114	115	115	115	115
113	0	0	0	0	0	0	0	0	0
114	0	0	0	0	0	0	0	0	0
115	0	0	0	0	0	0	0	0	0
116	0	0	0	0	0	0	0	0	0
117	0	0	0	0	0	0	0	0	0
118	0	0	0	0	0	0	0	0	0
119	0	0	0	0	0	0	0	0	0
120	120	120	120	120	120	120	120	120	120
121	121	121	121	121	121	121	121	121	121
122	122	122	122	122	122	122	122	122	122
123	123	123	123	123	123	123	123	123	123
124	124	124	124	124	124	124	124	124	124
125	125	125	125	125	125	125	125	125	125
126	126	126	126	126	126	126	126	126	126
127	127	128	128	128	129	129	129	130	130	
128	0	0	0	0	0	0	0	0	0
129	0	0	0	0	0	0	0	0	0
130	0	0	0	0	0	0	0	0	0
131	131	132	132	132	133	134	134	134	134
132	0	0	0	0	0	0	0	0	0
133	0	0	0	0	0	0	0	0	0
134	0	0	0	0	0	0	0	0	0
135	135	136	136	136	137	137	137	138	138
136	0	0	0	0	0	0	0	0	0
137	0	0	0	0	0	0	0	0	0
138	0	0	0	0	0	0	0	0	0
139	139	139	139	139	139	139	139	139	139
140	140	140	140	140	140	140	140	140	140
141	141	141	141	141	141	141	141	141	141
142	0	0	0	0	0	0	0	0	0
143	143	143	143	143	143	143	143	143	143
144	144	144	144	144	144	144	144	144	144
145	145	145	145	145	145	145	145	145	145
146	146	146	146	146	146	146	146	146	146
147	147	148	148	148	149	150	150	150	150
148	0	0	0	0	0	0	0	0	0
149	0	0	0	0	0	0	0	0	0
150	0	0	0	0	0	0	0	0	0
151	151	152	152	152	153	153	153	154	154
152	0	0	0	0	0	0	0	0	0
153	0	0	0	0	0	0	0	0	0
154	0	0	0	0	0	0	0	0	0
155	155	156	156	156	157	157	157	158	158
156	0	0	0	0	0	0	0	0	0
157	0	0	0	0	0	0	0	0	0
158	0	0	0	0	0	0	0	0	0
159	159	159	159	159	159	159	159	159	159
160	160	160	160	160	160	160	160	160	160
161	0	0	0	0	0	0	0	0	0
162	0	0	0	0	0	0	0	0	0
163	0	0	0	0	0	0	0	0	0
164	0	0	0	0	0	0	0	0	0
165	0	0	0	0	0	0	0	0	0
166	0	0	0	0	0	0	0	0	0
167	0	0	0	0	0	0	0	0	0
168	0	0	0	0	0	0	0	0	0
169	169	170	170	170	171	172	172	172	172
170	0	0	0	0	0	0	0	0	0
171	0	0	0	0	0	0	0	0	0
172	0	0	0	0	0	0	0	0	0
173	0	0	0	0	0	0	0	0	0
174	174	175	175	175	176	177	177	177	177
175	0	0	0	0	0	0	0	0	0
176	0	0	0	0	0	0	0	0	0
177	0	0	0	0	0	0	0	0	0
178	0	0	0	0	0	0	0	0	0
179	179	180	180	180	181	182	182	182	182
180	0	0	0	0	0	0	0	0	0
181	0	0	0	0	0	0	0	0	0
182	0	0	0	0	0	0	0	0	0
183	0	0	0	0	0	0	0	0	0
184	184	185	185	185	186	186	186	187	187
185	0	0	0	0	0	0	0	0	0
186	0	0	0	0	0	0	0	0	0
187	0	0	0	0	0	0	0	0	0
188	0	0	0	0	0	0	0	0	0
189	189	190	190	190	191	192	192	192	192
190	0	0	0	0	0	0	0	0	0
191	0	0	0	0	0	0	0	0	0
192	0	0	0	0	0	0	0	0	0
193	0	0	0	0	0	0	0	0	0
194	194	195	195	195	196	197	197	197	197
195	0	0	0	0	0	0	0	0	0
196	0	0	0	0	0	0	0	0	0
197	0	0	0	0	0	0	0	0	0
198	0	0	0	0	0	0	0	0	0
199	199	200	200	200	201	201	201	202	202
200	0	0	0	0	0	0	0	0	0
201	0	0	0	0	0	0	0	0	0
202	0	0	0	0	0	0	0	0	0
203	0	0	0	0	0	0	0	0	0
204	203	205	205	205	206	206	206	207	207
205	0	0	0	0	0	0	0	0	0
206	0	0	0	0	0	0	0	0	0
207	0	0	0	0	0	0	0	0	0
208	208	209	209	209	210	210	210	211	211
209	0	0	0	0	0	0	0	0	0
210	0	0	0	0	0	0	0	0	0
211	0	0	0	0	0	0	0	0	0
212	0	0	0	0	0	0	0	0	0
213	213	213	213	213	213	213	213	213	213
214	214	214	214	214	214	214	214	214	214
215	215	215	215	215	215	215	215	215	215
216	216	216	216	216	216	216	216	216	216
217	217	217	217	217	217	217	217	217	217
218	218	218	218	218	218	218	218	218	218
219	219	219	219	219	219	219	219	219	219
220	220	221	221	221	222	223	223	223	223
221	0	0	0	0	0	0	0	0	0
222	0	0	0	0	0	0	0	0	0
223	0	0	0	0	0	0	0	0	0
224	224	225	225	225	226	227	227	227	227
225	0	0	0	0	0	0	0	0	0
226	0	0	0	0	0	0	0	0	0
227	0	0	0	0	0	0	0	0	0
228	228	229	229	229	230	231	231	231	231
229	0	0	0	0	0	0	0	0	0
230	0	0	0	0	0	0	0	0	0
231	0	0	0	0	0	0	0	0	0
232	232	233	233	233	234	235	235	235	235
233	0	0	0	0	0	0	0	0	0
234	0	0	0	0	0	0	0	0	0
235	0	0	0	0	0	0	0	0	0
236	236	237	237	237	238	239	239	239	239
237	0	0	0	0	0	0	0	0	0
238	0	0	0	0	0	0	0	0	0
239	0	0	0	0	0	0	0	0	0
240	240	241	241	241	242	243	243	243	243
241	0	0	0	0	0	0	0	0	0
242	0	0	0	0	0	0	0	0	0
243	0	0	0	0	0	0	0	0	0
244	244	245	245	245	246	247	247	247	247
245	0	0	0	0	0	0	0	0	0
246	0	0	0	0	0	0	0	0	0
247	0	0	0	0	0	0	0	0	0
248	248	249	249	249	250	251	251	251	251
249	0	0	0	0	0	0	0	0	0
250	0	0	0	0	0	0	0	0	0
251	0	0	0	0	0	0	0	0	0
252	252	253	253	253	254	255	255	255	255
253	0	0	0	0	0	0	0	0	0
254	0	0	0	0	0	0	0	0	0
255	0	0	0	0	0	0	0	0	0
256	256	257	257	257	258	259	259	259	259
257	0	0	0	0	0	0	0	0	0
258	0	0	0	0	0	0	0	0	0
259	0	0	0	0	0	0	0	0	0
260	260	260	260	260	260	260	260	260	260
261	261	261	261	261	261	261	261	261	261
262	262	262	262	262	262	262	262	262	262
263	263	263	263	263	263	263	263	263	263
264	264	264	264	264	264	264	264	264	264
265	265	266	266	266	267	268	268	268	268
266	0	0	0	0	0	0	0	0	0
267	0	0	0	0	0	0	0	0	0
268	0	0	0	0	0	0	0	0	0
269	269	270	270	270	271	272	272	272	272
270	0	0	0	0	0	0	0	0	0
271	0	0	0	0	0	0	0	0	0
272	0	0	0	0	0	0	0	0	0
273	273	274	274	274	275	276	276	276	276
274	0	0	0	0	0	0	0	0	0
275	0	0	0	0	0	0	0	0	0
276	0	0	0	0	0	0	0	0	0
277	277	278	278	278	279	280	280	280	280
278	0	0	0	0	0	0	0	0	0
279	0	0	0	0	0	0	0	0	0
280	0	0	0	0	0	0	0	0	0
281	281	282	282	282	283	284	284	284	284
282	0	0	0	0	0	0	0	0	0
283	0	0	0	0	0	0	0	0	0
284	0	0	0	0	0	0	0	0	0
285	285	286	286	286	287	288	288	288	288
286	0	0	0	0	0	0	0	0	0
287	0	0	0	0	0	0	0	0	0
288	0	0	0	0	0	0	0	0	0
289	289	289	289	289	289	289	289	289	289
290	290	290	290	290	290	290	290	290	290
291	291	291	291	291	291	291	291	291	291
292	292	293	293	293	294	295	295	295	295
293	0	0	0	0	0	0	0	0	0
294	0	0	0	0	0	0	0	0	0
295	0	0	0	0	0	0	0	0	0
296	296	296	296	296	296	296	296	296	296
297	297	297	297	297	297	297	297	297	297	
298	298	298	298	298	298	298	298	298	298
299	299	299	299	299	299	299	299	299	299
300	300	300	300	300	300	300	300	300	300
301	301	301	301	301	301	301	301	301	301
302	302	302	302	302	302	302	302	302	302
303	303	303	303	303	303	303	303	303	303
304	304	304	304	304	304	304	304	304	304
305	305	305	305	305	305	305	305	305	305
306	306	306	306	306	306	306	306	306	306
307	307	307	307	307	307	307	307	307	307
308	308	308	308	308	308	308	308	308	308
309	309	309	309	309	309	309	309	309	309
310	310	310	310	310	310	310	310	310	310
311	311	311	311	311	311	311	311	311	311
312	312	312	312	312	312	312	312	312	312
313	313	313	313	313	313	313	313	313	313
314	314	314	314	314	314	314	314	314	314
315	315	315	315	315	315	315	315	315	315
316	316	316	316	316	316	316	316	316	316
317	317	317	317	317	317	317	317	317	317
318	318	318	318	318	318	318	318	318	318
319	319	319	319	319	319	319	319	319	319
320	320	320	320	320	320	320	320	320	320
321	321	321	321	321	321	321	321	321	321
322	322	322	322	322	322	322	322	322	322
323	323	323	323	323	323	323	323	323	323
324	324	324	324	324	324	324	324	324	324
325	325	325	325	325	325	325	325	325	325
326	326	326	326	326	326	326	326	326	326
327	327	327	327	327	327	327	327	327	327
328	328	328	328	328	328	328	328	328	328
329	329	329	329	329	329	329	329	329	329
330	330	330	330	330	330	330	330	330	330
331	331	331	331	331	331	331	331	331	331
332	332	332	332	332	332	332	332	332	332
333	333	333	333	333	333	333	333	333	333
334	334	334	334	334	334	334	334	334	334
335	335	335	335	335	335	335	335	335	335
336	336	336	336	336	336	336	336	336	336
337	337	337	337	337	337	337	337	337	337
338	338	338	338	338	338	338	338	338	338
339	339	339	339	339	339	339	339	339	339
340	340	340	340	340	340	340	340	340	340
341	341	341	341	341	341	341	341	341	341
342	342	342	342	342	342	342	342	342	342
343	343	343	343	343	343	343	343	343	343
344	344	344	344	344	344	344	344	344	344
345	345	345	345	345	345	345	345	345	345
346	346	346	346	346	346	346	346	346	346
347	347	347	347	347	347	347	347	347	347
348	348	348	348	348	348	348	348	348	348
349	349	349	349	349	349	349	349	349	349
350	350	350	350	350	350	350	350	350	350
351	351	351	351	351	351	351	351	351	351
352	352	352	352	352	352	352	352	352	352
353	353	353	353	353	353	353	353	353	353
354	354	354	354	354	354	354	354	354	354
355	355	355	355	355	355	355	355	355	355
356	356	356	356	356	356	356	356	356	356
357	357	357	357	357	357	357	357	357	357
358	358	358	358	358	358	358	358	358	358
359	359	359	359	359	359	359	359	359	359
360	360	360	360	360	360	360	360	360	360
361	361	361	361	361	361	361	361	361	361
362	362	362	362	362	362	362	362	362	362
363	363	363	363	363	363	363	363	363	363
364	364	364	364	364	364	364	364	364	364
365	365	365	365	365	365	365	365	365	365
366	366	366	366	366	366	366	366	366	366
367	367	367	367	367	367	367	367	367	367
368	368	368	368	368	368	368	368	368	368
369	369	369	369	369	369	369	369	369	369
370	370	370	370	370	370	370	370	370	370
371	371	371	371	371	371	371	371	371	371
372	372	372	372	372	372	372	372	372	372
373	373	373	373	373	373	373	373	373	373
374	374	374	374	374	374	374	374	374	374
375	375	375	375	375	375	375	375	375	375
376	376	376	376	376	376	376	376	376	376
377	377	377	377	377	377	377	377	377	377
378	378	378	378	378	378	378	378	378	378
379	379	379	379	379	379	379	379	379	379
380	380	380	380	380	380	380	380	380	380
381	381	381	381	381	381	381	381	381	381
382	382	382	382	382	382	382	382	382	382
383	383	383	383	383	383	383	383	383	383
384	384	384	384	384	384	384	384	384	384
385	385	385	385	385	385	385	385	385	385
386	386	386	386	386	386	386	386	386	386
387	387	387	387	387	387	387	387	387	387
388	388	388	388	388	388	388	388	388	388
389	389	389	389	389	389	389	389	389	389
390	390	390	390	390	390	390	390	390	390
391	391	391	391	391	391	391	391	391	391
392	392	392	392	392	392	392	392	392	392
393	393	393	393	393	393	393	393	393	393
394	394	394	394	394	394	394	394	394	394
395	395	395	395	395	395	395	395	395	395
396	396	396	396	396	396	396	396	396	396
397	0	0	0	0	0	0	0	0	0
398	0	0	0	0	0	0	0	0	0
399	0	0	0	0	0	0	0	0	0
400	0	0	0	0	0	0	0	0	0
401	0	0	0	0	0	0	0	0	0
402	0	0	0	0	0	0	0	0	0
403	0	0	0	0	0	0	0	0	0
404	0	0	0	0	0	0	0	0	0
405	405	406	406	406	407	407	407	408	408
406	0	0	0	0	0	0	0	0	0
407	0	0	0	0	0	0	0	0	0
408	0	0	0	0	0	0	0	0	0
409	409	410	410	410	411	411	411	412	412
410	0	0	0	0	0	0	0	0	0
411	0	0	0	0	0	0	0	0	0
412	0	0	0	0	0	0	0	0	0
413	0	0	0	0	0	0	0	0	0
414	414	415	415	415	416	416	416	417	417
415	0	0	0	0	0	0	0	0	0
416	0	0	0	0	0	0	0	0	0
417	0	0	0	0	0	0	0	0	0
418	418	419	419	419	420	420	420	421	421
419	0	0	0	0	0	0	0	0	0
420	0	0	0	0	0	0	0	0	0
421	0	0	0	0	0	0	0	0	0
422	422	423	423	423	424	424	424	425	425
423	0	0	0	0	0	0	0	0	0
424	0	0	0	0	0	0	0	0	0
425	0	0	0	0	0	0	0	0	0
426	426	427	427	427	428	428	428	429	429
427	0	0	0	0	0	0	0	0	0
428	0	0	0	0	0	0	0	0	0
429	0	0	0	0	0	0	0	0	0
430	430	431	431	431	432	432	432	433	433
431	0	0	0	0	0	0	0	0	0
432	0	0	0	0	0	0	0	0	0
433	0	0	0	0	0	0	0	0	0
434	434	435	435	435	436	436	436	437	437
435	0	0	0	0	0	0	0	0	0
436	0	0	0	0	0	0	0	0	0
437	0	0	0	0	0	0	0	0	0
438	438	439	439	439	440	440	440	441	441
439	0	0	0	0	0	0	0	0	0
440	0	0	0	0	0	0	0	0	0
441	0	0	0	0	0	0	0	0	0
442	442	443	443	443	444	444	444	445	445
443	0	0	0	0	0	0	0	0	0
444	0	0	0	0	0	0	0	0	0
445	0	0	0	0	0	0	0	0	0
446	0	0	0	0	0	0	0	0	0
447	447	447	447	447	447	447	447	447	447
448	448	448	448	448	448	448	448	448	448
449	0	0	0	0	0	0	0	0	0

450	450	450	450	450	450	450	450	450	450
451	451	451	451	451	451	451	451	451	451
452	452	452	452	452	452	452	452	452	452
453	453	453	453	453	453	453	453	453	453
454	454	454	454	454	454	454	454	454	454
455	455	455	455	455	455	455	455	455	455
456	456	456	456	456	456	456	456	456	456
457	457	457	457	457	457	457	457	457	457
458	458	458	458	458	458	458	458	458	458
459	459	459	459	459	459	459	459	459	459
460	460	460	460	460	460	460	460	460	460
461	461	461	461	461	461	461	461	461	461
462	462	462	462	462	462	462	462	462	462
463	463	463	463	463	463	463	463	463	463
464	464	464	464	464	464	464	464	464	464
465	465	465	465	465	465	465	465	465	465
466	466	466	466	466	466	466	466	466	466
467	467	467	467	467	467	467	467	467	467
468	468	468	468	468	468	468	468	468	468
469	469	469	469	469	469	469	469	469	469
470	470	470	470	470	470	470	470	470	470
471	471	471	471	471	471	471	471	471	471
472	472	472	472	472	472	472	472	472	472
473	473	473	473	473	473	473	473	473	473
474	474	474	474	474	474	474	474	474	474
475	475	475	475	475	475	475	475	475	475
476	476	476	476	476	476	476	476	476	476
477	477	477	477	477	477	477	477	477	477
478	478	478	478	478	478	478	478	478	478
479	479	479	479	479	479	479	479	479	479
480	480	480	480	480	480	480	480	480	480
481	481	481	481	481	481	481	481	481	481
482	482	482	482	482	482	482	482	482	482
483	483	483	483	483	483	483	483	483	483
484	484	484	484	484	484	484	484	484	484
485	485	485	485	485	485	485	485	485	485
486	486	486	486	486	486	486	486	486	486
487	487	487	487	487	487	487	487	487	487
488	488	488	488	488	488	488	488	488	488
489	489	489	489	489	489	489	489	489	489
490	490	490	490	490	490	490	490	490	490
491	491	491	491	491	491	491	491	491	491
492	492	492	492	492	492	492	492	492	492
493	493	493	493	493	493	493	493	493	493
494	494	494	494	494	494	494	494	494	494
495	495	495	495	495	495	495	495	495	495
496	496	496	496	496	496	496	496	496	496
497	497	497	497	497	497	497	497	497	497
498	498	498	498	498	498	498	498	498	498
499	499	499	499	499	499	499	499	499	499
500	500	500	500	500	500	500	500	500	500
501	501	501	501	501	501	501	501	501	501
502	502	502	502	502	502	502	502	502	502
503	503	503	503	503	503	503	503	503	503
504	504	504	504	504	504	504	504	504	504
505	505	505	505	505	505	505	505	505	505
506	506	506	506	506	506	506	506	506	506
507	507	507	507	507	507	507	507	507	507
508	508	508	508	508	508	508	508	508	508
509	509	509	509	509	509	509	509	509	509
510	510	510	510	510	510	510	510	510	510
511	511	511	511	511	511	511	511	511	511
512	512	512	512	512	512	512	512	512	512
513	513	513	513	513	513	513	513	513	513
514	514	514	514	514	514	514	514	514	514
515	515	515	515	515	515	515	515	515	515
516	516	516	516	516	516	516	516	516	516
517	517	517	517	517	517	517	517	517	517
518	518	518	518	518	518	518	518	518	518
519	0	0	0	0	0	0	0	0	0
520	520	520	520	520	520	520	520	520	520
521	521	521	521	521	521	521	521	521	521
522	522	522	522	522	522	522	522	522	522
523	523	523	523	523	523	523	523	523	523
524	524	524	524	524	524	524	524	524	524
525	525	525	525	525	525	525	525	525	525
526	526	526	526	526	526	526	526	526	526
527	527	527	527	527	527	527	527	527	527
528	528	528	528	528	528	528	528	528	528
529	529	529	529	529	529	529	529	529	529
530	0	0	0	0	0	0	0	0	0
531	531	532	532	532	533	534	534	534	534
532	0	0	0	0	0	0	0	0	0
533	0	0	0	0	0	0	0	0	0
534	0	0	0	0	0	0	0	0	0
535	0	0	0	0	0	0	0	0	0
536	0	0	0	0	0	0	0	0	0
537	537	537	537	537	537	537	537	537	537
538	538	538	538	538	538	538	538	538	538
539	539	539	539	539	539	539	539	539	539
540	540	540	540	540	540	540	540	540	540
541	541	541	541	541	541	541	541	541	541
542	0	0	0	0	0	0	0	0	0
543	543	543	543	543	543	543	543	543	543
544	544	544	544	544	544	544	544	544	544
545	545	545	545	545	545	545	545	545	545
546	546	546	546	546	546	546	546	546	546
547	547	547	547	547	547	547	547	547	547
548	0	0	0	0	0	0	0	0	0
549	549	549	549	549	549	549	549	549	549
550	550	550	550	550	550	550	550	550	550
551	551	551	551	551	551	551	551	551	551
552	552	552	552	552	552	552	552	552	552
553	553	553	553	553	553	553	553	553	553
554	554	554	554	554	554	554	554	554	554
555	555	555	555	555	555	555	555	555	555
556	556	556	556	556	556	556	556	556	556	
557	557	557	557	557	557	557	557	557	557
558	558	558	558	558	558	558	558	558	558	
559	559	559	559	559	559	559	559	559	559	
560	560	560	560	560	560	560	560	560	560	
561	561	561	561	561	561	561	561	561	561	
562	562	562	562	562	562	562	562	562	562	
563	563	563	563	563	563	563	563	563	563
564	564	564	564	564	564	564	564	564	564	
565	565	565	565	565	565	565	565	565	565
566	566	566	566	566	566	566	566	566	566	
567	567	567	567	567	567	567	567	567	567
568	568	568	568	568	568	568	568	568	568
569	569	569	569	569	569	569	569	569	569
570	570	570	570	570	570	570	570	570	570	
571	571	571	571	571	571	571	571	571	571
572	572	572	572	572	572	572	572	572	572	
573	573	573	573	573	573	573	573	573	573	
574	574	574	574	574	574	574	574	574	574
575	575	575	575	575	575	575	575	575	575	
576	576	576	576	576	576	576	576	576	576
577	577	577	577	577	577	577	577	577	577
578	578	578	578	578	578	578	578	578	578	
579	579	579	579	579	579	579	579	579	579
580	580	580	580	580	580	580	580	580	580
581	581	581	581	581	581	581	581	581	581
582	582	582	582	582	582	582	582	582	582	
583	583	583	583	583	583	583	583	583	583
584	584	584     584	584	584	584	584	584	584
585	585	585	585	585	585	585	585	585	585
586	586	586	586	586	586	586	586	586	586	
587	587	587	587	587	587	587	587	587	587
588	588	588	588	588	588	588	588	588	588
589	589	589	589	589	589	589	589	589	589
590	590	590	590	590	590	590	590	590	590
591	591	591	591	591	591	591	591	591	591
592	592	592	592	592	592	592	592	592	592
593	593	593	593	593	593	593	593	593	593
594	594	594	594	594	594	594	594	594	594
595	595	595	595	595	595	595	595	595	595
596	596	596	596	596	596	596	596	596	596
597	597	597	597	597	597	597	597	597	597
598	598	598	598	598	598	598	598	598	598
599	599	599	599	599	599	599	599	599	599
600	600	600	600	600	600	600	600	600	600
601	601	601	601	601	601	601	601	601	601
602	602	602	602	602	602	602	602	602	602
603	603	603	603	603	603	603	603	603	603
604	604	604	604	604	604	604	604	604	604
605	605	605	605	605	605	605	605	605	605
606	606	606	606	606	606	606	606	606	606
607	607	607	607	607	607	607	607	607	607
608	608	608	608	608	608	608	608	608	608
609	609	609	609	609	609	609	609	609     609
610	610	610	610	610	610	610	610	610	610	
611	611	611	611	611	611	611	611	611	611
612	612	612	612	612	612	612	612	612	612
613	613	613	613	613	613	613	613	613	613
614	614	615	615	615	616	616	616	617	617
615	0	0	0	0	0	0	0	0	0
616	0	0	0	0	0	0	0	0	0
617	0	0	0	0	0	0	0	0	0












